-16.0 248.0 -4.0 0.0 0.0 0.0 0.0 0.0 0.0 
0.0 0.0 0.0 -16.0 248.0 -4.0 0.0 0.0 0.0 
0.0 0.0 0.0 0.0 0.0 0.0 -16.0 248.0 -4.0 
-34.0 221.0 10.0 0.0 0.0 0.0 0.0 0.0 0.0 
0.0 0.0 0.0 -34.0 221.0 10.0 0.0 0.0 0.0 
0.0 0.0 0.0 0.0 0.0 0.0 -34.0 221.0 10.0 
-36.0 195.0 -1.0 0.0 0.0 0.0 0.0 0.0 0.0 
0.0 0.0 0.0 -36.0 195.0 -1.0 0.0 0.0 0.0 
0.0 0.0 0.0 0.0 0.0 0.0 -36.0 195.0 -1.0 
-27.0 192.0 -16.0 0.0 0.0 0.0 0.0 0.0 0.0 
0.0 0.0 0.0 -27.0 192.0 -16.0 0.0 0.0 0.0 
0.0 0.0 0.0 0.0 0.0 0.0 -27.0 192.0 -16.0 
-11.0 -262.0 -187.0 0.0 0.0 0.0 0.0 0.0 0.0 
0.0 0.0 0.0 -11.0 -262.0 -187.0 0.0 0.0 0.0 
0.0 0.0 0.0 0.0 0.0 0.0 -11.0 -262.0 -187.0 
-23.0 244.0 14.0 0.0 0.0 0.0 0.0 0.0 0.0 
0.0 0.0 0.0 -23.0 244.0 14.0 0.0 0.0 0.0 
0.0 0.0 0.0 0.0 0.0 0.0 -23.0 244.0 14.0 
-36.0 273.0 48.0 0.0 0.0 0.0 0.0 0.0 0.0 
0.0 0.0 0.0 -36.0 273.0 48.0 0.0 0.0 0.0 
0.0 0.0 0.0 0.0 0.0 0.0 -36.0 273.0 48.0 
-32.0 253.0 9.0 0.0 0.0 0.0 0.0 0.0 0.0 
0.0 0.0 0.0 -32.0 253.0 9.0 0.0 0.0 0.0 
0.0 0.0 0.0 0.0 0.0 0.0 -32.0 253.0 9.0 
-28.0 290.0 87.0 0.0 0.0 0.0 0.0 0.0 0.0 
0.0 0.0 0.0 -28.0 290.0 87.0 0.0 0.0 0.0 
0.0 0.0 0.0 0.0 0.0 0.0 -28.0 290.0 87.0 
6.0 -409.0 -238.0 0.0 0.0 0.0 0.0 0.0 0.0 
0.0 0.0 0.0 6.0 -409.0 -238.0 0.0 0.0 0.0 
0.0 0.0 0.0 0.0 0.0 0.0 6.0 -409.0 -238.0 
6.0 -383.0 -229.0 0.0 0.0 0.0 0.0 0.0 0.0 
0.0 0.0 0.0 6.0 -383.0 -229.0 0.0 0.0 0.0 
0.0 0.0 0.0 0.0 0.0 0.0 6.0 -383.0 -229.0 
2.0 -431.0 -246.0 0.0 0.0 0.0 0.0 0.0 0.0 
0.0 0.0 0.0 2.0 -431.0 -246.0 0.0 0.0 0.0 
0.0 0.0 0.0 0.0 0.0 0.0 2.0 -431.0 -246.0 
6.0 -438.0 -248.0 0.0 0.0 0.0 0.0 0.0 0.0 
0.0 0.0 0.0 6.0 -438.0 -248.0 0.0 0.0 0.0 
0.0 0.0 0.0 0.0 0.0 0.0 6.0 -438.0 -248.0 
-38.0 361.0 95.0 0.0 0.0 0.0 0.0 0.0 0.0 
0.0 0.0 0.0 -38.0 361.0 95.0 0.0 0.0 0.0 
0.0 0.0 0.0 0.0 0.0 0.0 -38.0 361.0 95.0 
-44.0 451.0 128.0 0.0 0.0 0.0 0.0 0.0 0.0 
0.0 0.0 0.0 -44.0 451.0 128.0 0.0 0.0 0.0 
0.0 0.0 0.0 0.0 0.0 0.0 -44.0 451.0 128.0 
-38.0 449.0 131.0 0.0 0.0 0.0 0.0 0.0 0.0 
0.0 0.0 0.0 -38.0 449.0 131.0 0.0 0.0 0.0 
0.0 0.0 0.0 0.0 0.0 0.0 -38.0 449.0 131.0 
10.0 -538.0 -273.0 0.0 0.0 0.0 0.0 0.0 0.0 
0.0 0.0 0.0 10.0 -538.0 -273.0 0.0 0.0 0.0 
0.0 0.0 0.0 0.0 0.0 0.0 10.0 -538.0 -273.0 
12.0 -565.0 -320.0 0.0 0.0 0.0 0.0 0.0 0.0 
0.0 0.0 0.0 12.0 -565.0 -320.0 0.0 0.0 0.0 
0.0 0.0 0.0 0.0 0.0 0.0 12.0 -565.0 -320.0 
-41.0 431.0 109.0 0.0 0.0 0.0 0.0 0.0 0.0 
0.0 0.0 0.0 -41.0 431.0 109.0 0.0 0.0 0.0 
0.0 0.0 0.0 0.0 0.0 0.0 -41.0 431.0 109.0 
15.0 -562.0 -288.0 0.0 0.0 0.0 0.0 0.0 0.0 
0.0 0.0 0.0 15.0 -562.0 -288.0 0.0 0.0 0.0 
0.0 0.0 0.0 0.0 0.0 0.0 15.0 -562.0 -288.0 
