7.0 13.0 8.0 3.0 21.0 24.0 22.0 32.0 10.0 11.0 4.0 13.0 -9.0 -2.0 -8.0 -8.0 141.0 10 
1.0 9.0 1.0 2.0 3.0 7.0 9.0 6.0 10.0 10.0 6.0 11.0 19.0 13.0 14.0 23.0 144.0 10 
0.0 4.0 20.0 1.0 -3.0 21.0 44.0 63.0 -24.0 -1.0 19.0 55.0 -39.0 -29.0 -6.0 16.0 141.0 10 
10.0 -6.0 11.0 3.0 6.0 9.0 17.0 20.0 5.0 15.0 8.0 7.0 4.0 8.0 7.0 8.0 132.0 10 
1.0 2.0 1.0 6.0 1.0 14.0 5.0 -4.0 15.0 15.0 14.0 17.0 21.0 20.0 10.0 4.0 142.0 10 
21.0 14.0 2.0 -3.0 46.0 38.0 9.0 -9.0 42.0 17.0 -5.0 -23.0 12.0 -9.0 -23.0 -28.0 101.0 10 
4.0 2.0 7.0 0.0 1.0 19.0 29.0 30.0 -6.0 13.0 19.0 31.0 -8.0 -4.0 8.0 12.0 157.0 10 
-10.0 -11.0 -3.0 -4.0 0.0 6.0 -2.0 4.0 10.0 18.0 12.0 19.0 18.0 30.0 25.0 27.0 139.0 10 
-7.0 1.0 -1.0 -7.0 -4.0 8.0 13.0 6.0 14.0 11.0 16.0 7.0 9.0 11.0 18.0 21.0 116.0 10 
4.0 0.0 5.0 2.0 6.0 13.0 21.0 27.0 9.0 15.0 14.0 15.0 4.0 -3.0 0.0 2.0 134.0 10 
3.0 -5.0 -1.0 -5.0 3.0 -2.0 -3.0 -3.0 19.0 27.0 7.0 -2.0 27.0 28.0 32.0 23.0 148.0 10 
6.0 10.0 -1.0 8.0 8.0 14.0 21.0 22.0 0.0 12.0 14.0 20.0 3.0 2.0 -1.0 15.0 153.0 10 
-1.0 6.0 2.0 3.0 8.0 16.0 19.0 24.0 9.0 7.0 10.0 19.0 3.0 1.0 0.0 8.0 134.0 10 
10.0 8.0 2.0 -8.0 19.0 28.0 31.0 20.0 16.0 6.0 10.0 0.0 -5.0 -6.0 -13.0 -15.0 103.0 10 
2.0 5.0 8.0 1.0 14.0 24.0 19.0 20.0 4.0 10.0 6.0 13.0 7.0 16.0 12.0 7.0 168.0 10 
6.0 -7.0 -1.0 8.0 5.0 4.0 5.0 3.0 16.0 16.0 9.0 17.0 13.0 11.0 18.0 13.0 136.0 10 
3.0 -12.0 -7.0 -9.0 -10.0 4.0 1.0 -1.0 9.0 14.0 22.0 29.0 13.0 25.0 29.0 27.0 137.0 10 
2.0 -4.0 -2.0 -7.0 2.0 2.0 5.0 0.0 20.0 19.0 8.0 4.0 16.0 22.0 15.0 14.0 116.0 10 
4.0 10.0 14.0 1.0 8.0 22.0 21.0 16.0 4.0 17.0 7.0 11.0 8.0 4.0 -4.0 -4.0 139.0 10 
1.0 -2.0 2.0 4.0 -9.0 -7.0 9.0 8.0 16.0 14.0 7.0 6.0 21.0 14.0 23.0 16.0 123.0 10 
8.0 8.0 1.0 1.0 8.0 14.0 29.0 12.0 7.0 9.0 15.0 16.0 2.0 1.0 3.0 3.0 137.0 10 
-5.0 -7.0 -7.0 0.0 0.0 -12.0 -9.0 -1.0 19.0 17.0 12.0 14.0 28.0 32.0 35.0 24.0 140.0 10 
2.0 10.0 -5.0 1.0 17.0 13.0 20.0 17.0 3.0 2.0 13.0 27.0 -7.0 5.0 6.0 1.0 125.0 10 
7.0 5.0 0.0 -11.0 20.0 29.0 27.0 26.0 19.0 12.0 2.0 7.0 -2.0 -5.0 -11.0 -11.0 114.0 10 
0.0 3.0 9.0 5.0 -7.0 7.0 16.0 35.0 -4.0 2.0 14.0 36.0 2.0 3.0 18.0 15.0 154.0 10 
-2.0 -3.0 6.0 -1.0 4.0 12.0 21.0 23.0 4.0 8.0 15.0 27.0 -1.0 11.0 14.0 11.0 149.0 10 
-6.0 -10.0 -8.0 3.0 -14.0 -17.0 -6.0 2.0 -5.0 8.0 20.0 28.0 18.0 31.0 43.0 31.0 118.0 10 
-3.0 -4.0 -5.0 2.0 -4.0 3.0 3.0 3.0 7.0 20.0 20.0 9.0 16.0 10.0 13.0 18.0 108.0 10 
-4.0 10.0 3.0 2.0 2.0 12.0 22.0 28.0 2.0 3.0 4.0 22.0 -6.0 2.0 5.0 11.0 118.0 10 
-3.0 -8.0 -12.0 -2.0 3.0 -3.0 -18.0 -29.0 23.0 27.0 11.0 -5.0 34.0 37.0 28.0 14.0 97.0 10 
1.0 6.0 4.0 -2.0 11.0 15.0 19.0 17.0 4.0 10.0 11.0 23.0 5.0 9.0 3.0 13.0 149.0 10 
12.0 6.0 3.0 -2.0 18.0 18.0 22.0 10.0 12.0 12.0 9.0 19.0 -3.0 5.0 10.0 0.0 151.0 10 
5.0 12.0 11.0 -6.0 8.0 25.0 42.0 47.0 -12.0 1.0 13.0 39.0 -20.0 -4.0 7.0 9.0 177.0 10 
-1.0 7.0 9.0 9.0 10.0 4.0 16.0 16.0 13.0 13.0 9.0 3.0 5.0 2.0 7.0 5.0 127.0 10 
9.0 2.0 -1.0 -7.0 14.0 19.0 7.0 -5.0 20.0 16.0 11.0 -1.0 21.0 20.0 9.0 -1.0 133.0 10 
3.0 3.0 6.0 -5.0 13.0 18.0 10.0 -1.0 19.0 21.0 16.0 4.0 21.0 17.0 13.0 -3.0 155.0 10 
12.0 5.0 5.0 13.0 13.0 16.0 18.0 14.0 18.0 10.0 6.0 2.0 2.0 -3.0 -2.0 0.0 129.0 10 
3.0 7.0 4.0 3.0 7.0 20.0 15.0 6.0 14.0 14.0 10.0 8.0 13.0 11.0 14.0 1.0 150.0 10 
15.0 9.0 -5.0 0.0 31.0 32.0 16.0 17.0 19.0 17.0 3.0 -13.0 20.0 -5.0 -7.0 -23.0 126.0 10 
-4.0 -7.0 0.0 -3.0 5.0 8.0 0.0 -4.0 21.0 17.0 6.0 8.0 26.0 20.0 26.0 11.0 130.0 10 
1.0 -4.0 -4.0 1.0 -5.0 6.0 7.0 0.0 11.0 19.0 8.0 10.0 17.0 22.0 29.0 27.0 145.0 10 
11.0 2.0 3.0 -6.0 22.0 20.0 12.0 2.0 20.0 20.0 4.0 -4.0 7.0 4.0 4.0 -2.0 119.0 10 
10.0 -4.0 4.0 -1.0 5.0 12.0 7.0 7.0 15.0 17.0 6.0 10.0 10.0 9.0 0.0 2.0 109.0 10 
1.0 -4.0 2.0 1.0 8.0 4.0 -2.0 -1.0 15.0 15.0 10.0 7.0 27.0 23.0 16.0 16.0 138.0 10 
5.0 -2.0 -4.0 -6.0 9.0 24.0 17.0 4.0 14.0 19.0 15.0 3.0 -1.0 3.0 4.0 5.0 109.0 10 
9.0 2.0 2.0 5.0 1.0 7.0 14.0 15.0 9.0 12.0 13.0 10.0 9.0 19.0 14.0 12.0 153.0 10 
-2.0 1.0 1.0 3.0 28.0 34.0 19.0 9.0 17.0 10.0 17.0 6.0 10.0 4.0 -6.0 -13.0 138.0 10 
6.0 2.0 -4.0 1.0 9.0 14.0 12.0 2.0 12.0 12.0 6.0 9.0 7.0 18.0 14.0 9.0 129.0 10 
-6.0 2.0 -9.0 2.0 -3.0 7.0 0.0 4.0 14.0 15.0 4.0 9.0 9.0 19.0 16.0 21.0 104.0 10 
-3.0 2.0 -1.0 -6.0 12.0 -6.0 11.0 15.0 13.0 5.0 16.0 22.0 2.0 7.0 9.0 20.0 118.0 10 
-8.0 2.0 3.0 3.0 -2.0 1.0 5.0 5.0 11.0 15.0 6.0 14.0 16.0 22.0 23.0 20.0 136.0 10 
-4.0 6.0 -7.0 -1.0 -2.0 1.0 2.0 6.0 3.0 -2.0 16.0 29.0 9.0 18.0 33.0 28.0 135.0 10 
-4.0 -8.0 -2.0 -3.0 -8.0 -13.0 -4.0 15.0 -15.0 0.0 22.0 28.0 -2.0 23.0 47.0 60.0 136.0 10 
1.0 4.0 -2.0 5.0 15.0 30.0 21.0 1.0 32.0 26.0 15.0 2.0 26.0 9.0 -3.0 -23.0 159.0 10 
2.0 -3.0 1.0 6.0 0.0 -1.0 32.0 24.0 -6.0 7.0 8.0 34.0 -3.0 -3.0 11.0 17.0 126.0 10 
4.0 -3.0 -7.0 3.0 -4.0 -8.0 -25.0 -25.0 29.0 18.0 5.0 -7.0 35.0 38.0 40.0 24.0 117.0 10 
-1.0 5.0 3.0 -1.0 1.0 7.0 -8.0 -7.0 18.0 12.0 8.0 -1.0 22.0 28.0 33.0 15.0 134.0 10 
-2.0 7.0 0.0 -4.0 0.0 18.0 28.0 43.0 0.0 1.0 14.0 46.0 3.0 -9.0 3.0 28.0 176.0 10 
0.0 -1.0 0.0 5.0 6.0 -3.0 24.0 21.0 -2.0 8.0 16.0 31.0 -5.0 14.0 15.0 19.0 148.0 10 
-1.0 2.0 0.0 -5.0 -4.0 -28.0 -21.0 -5.0 -34.0 -11.0 4.0 25.0 -3.0 14.0 25.0 46.0 4.0 10 
0.0 -3.0 -7.0 1.0 6.0 6.0 13.0 17.0 -1.0 5.0 11.0 26.0 10.0 17.0 22.0 25.0 148.0 10 
-3.0 -3.0 1.0 -9.0 12.0 29.0 27.0 18.0 24.0 25.0 11.0 -10.0 3.0 -3.0 3.0 -15.0 110.0 10 
6.0 0.0 7.0 -1.0 0.0 29.0 47.0 28.0 29.0 24.0 9.0 0.0 4.0 -2.0 -27.0 -27.0 126.0 10 
0.0 -1.0 2.0 0.0 2.0 -5.0 7.0 13.0 6.0 10.0 12.0 21.0 13.0 21.0 20.0 20.0 141.0 10 
-7.0 1.0 3.0 -3.0 13.0 12.0 14.0 9.0 11.0 11.0 9.0 15.0 11.0 21.0 3.0 8.0 131.0 10 
-2.0 1.0 3.0 6.0 -12.0 -21.0 -17.0 8.0 -11.0 -3.0 4.0 33.0 11.0 35.0 48.0 59.0 142.0 10 
-3.0 -5.0 -1.0 5.0 4.0 3.0 6.0 0.0 13.0 2.0 19.0 26.0 15.0 25.0 7.0 24.0 140.0 10 
5.0 4.0 2.0 -3.0 9.0 5.0 9.0 17.0 8.0 19.0 0.0 9.0 17.0 10.0 15.0 6.0 132.0 10 
-6.0 -2.0 -9.0 -2.0 -6.0 0.0 -4.0 10.0 7.0 12.0 6.0 9.0 18.0 21.0 23.0 24.0 101.0 10 
7.0 -4.0 -3.0 3.0 4.0 3.0 21.0 16.0 11.0 17.0 4.0 9.0 -1.0 -1.0 5.0 17.0 108.0 10 
-2.0 -4.0 5.0 -7.0 0.0 -8.0 -16.0 -6.0 6.0 9.0 12.0 18.0 22.0 36.0 40.0 43.0 148.0 10 
8.0 -3.0 0.0 0.0 13.0 30.0 40.0 35.0 7.0 13.0 19.0 24.0 -14.0 -11.0 -9.0 -7.0 145.0 10 
1.0 5.0 1.0 0.0 -9.0 -23.0 4.0 13.0 -15.0 -5.0 21.0 40.0 7.0 31.0 40.0 55.0 166.0 10 
11.0 -9.0 2.0 2.0 -3.0 -3.0 -5.0 -15.0 9.0 5.0 1.0 7.0 26.0 31.0 29.0 21.0 109.0 10 
3.0 0.0 -1.0 6.0 4.0 7.0 14.0 15.0 16.0 9.0 14.0 10.0 5.0 10.0 15.0 16.0 143.0 10 
3.0 -7.0 5.0 7.0 3.0 1.0 9.0 2.0 -2.0 5.0 11.0 7.0 12.0 17.0 11.0 21.0 105.0 10 
3.0 -4.0 8.0 5.0 22.0 39.0 39.0 17.0 37.0 26.0 7.0 -12.0 6.0 3.0 -21.0 -32.0 143.0 10 
6.0 -2.0 -1.0 3.0 2.0 0.0 14.0 12.0 17.0 14.0 15.0 10.0 3.0 6.0 9.0 1.0 109.0 10 
-3.0 1.0 -4.0 -4.0 -3.0 -14.0 -8.0 -3.0 7.0 4.0 4.0 18.0 17.0 34.0 36.0 39.0 121.0 10 
2.0 -4.0 -2.0 -2.0 -3.0 13.0 26.0 21.0 13.0 10.0 10.0 20.0 -13.0 -1.0 1.0 4.0 95.0 10 
2.0 -1.0 1.0 -1.0 3.0 5.0 0.0 -8.0 6.0 10.0 -10.0 -14.0 7.0 3.0 -11.0 -14.0 -22.0 10 
8.0 0.0 -4.0 5.0 -1.0 12.0 18.0 4.0 8.0 16.0 13.0 7.0 18.0 21.0 13.0 4.0 142.0 10 
6.0 4.0 -1.0 2.0 -12.0 -18.0 -21.0 -8.0 -9.0 1.0 11.0 20.0 20.0 40.0 49.0 63.0 147.0 10 
7.0 -8.0 1.0 -7.0 2.0 14.0 19.0 6.0 12.0 11.0 4.0 17.0 14.0 5.0 -3.0 -1.0 93.0 10 
-4.0 6.0 1.0 1.0 -2.0 -17.0 -8.0 15.0 4.0 8.0 7.0 24.0 22.0 22.0 37.0 34.0 150.0 10 
-3.0 -4.0 -8.0 -4.0 6.0 11.0 4.0 9.0 16.0 17.0 5.0 5.0 20.0 8.0 0.0 1.0 83.0 10 
4.0 5.0 -3.0 5.0 -1.0 10.0 24.0 49.0 -6.0 1.0 13.0 33.0 -8.0 1.0 12.0 20.0 159.0 10 
-2.0 2.0 2.0 -4.0 0.0 0.0 3.0 6.0 12.0 16.0 13.0 6.0 13.0 16.0 21.0 19.0 123.0 10 
-5.0 -2.0 -2.0 7.0 15.0 31.0 15.0 4.0 29.0 29.0 -4.0 -8.0 15.0 9.0 0.0 -10.0 123.0 10 
2.0 -2.0 3.0 0.0 -11.0 -7.0 -8.0 -7.0 5.0 3.0 10.0 16.0 15.0 37.0 40.0 47.0 143.0 10 
8.0 -5.0 -2.0 -9.0 -1.0 12.0 17.0 12.0 14.0 13.0 9.0 15.0 11.0 12.0 10.0 14.0 130.0 10 
-3.0 -2.0 6.0 0.0 -1.0 -3.0 16.0 14.0 1.0 3.0 8.0 24.0 4.0 7.0 13.0 38.0 125.0 10 
-5.0 -1.0 -7.0 -6.0 6.0 18.0 24.0 20.0 25.0 23.0 14.0 0.0 8.0 1.0 -6.0 -11.0 103.0 10 
0.0 4.0 -2.0 2.0 -14.0 3.0 15.0 17.0 7.0 17.0 7.0 16.0 9.0 11.0 18.0 16.0 126.0 10 
-2.0 -2.0 -1.0 -2.0 8.0 -5.0 6.0 17.0 -19.0 -3.0 16.0 48.0 11.0 12.0 28.0 43.0 155.0 10 
2.0 2.0 -1.0 2.0 -19.0 -15.0 1.0 22.0 -24.0 -3.0 12.0 35.0 -6.0 11.0 35.0 52.0 106.0 10 
-1.0 -1.0 -1.0 1.0 4.0 9.0 7.0 3.0 8.0 7.0 19.0 9.0 9.0 19.0 20.0 21.0 133.0 10 
-4.0 -10.0 8.0 -3.0 3.0 17.0 40.0 53.0 -11.0 -3.0 20.0 26.0 -37.0 -17.0 4.0 17.0 103.0 10 
3.0 -1.0 -2.0 -5.0 1.0 14.0 24.0 20.0 7.0 11.0 8.0 7.0 4.0 9.0 11.0 10.0 121.0 10 
-3.0 -1.0 -6.0 -8.0 -10.0 8.0 21.0 25.0 8.0 15.0 12.0 23.0 -8.0 5.0 0.0 8.0 89.0 10 
3.0 -4.0 4.0 -3.0 -2.0 1.0 4.0 4.0 2.0 2.0 16.0 25.0 1.0 7.0 25.0 20.0 105.0 10 
1.0 2.0 1.0 0.0 6.0 -7.0 -10.0 4.0 15.0 18.0 17.0 13.0 27.0 36.0 33.0 25.0 181.0 10 
0.0 -5.0 -2.0 -7.0 7.0 32.0 21.0 17.0 17.0 14.0 9.0 13.0 4.0 4.0 1.0 2.0 127.0 10 
2.0 2.0 -10.0 -3.0 6.0 7.0 26.0 22.0 4.0 7.0 14.0 22.0 3.0 14.0 19.0 12.0 147.0 10 
3.0 5.0 -6.0 -1.0 -6.0 3.0 1.0 17.0 3.0 6.0 6.0 21.0 8.0 21.0 30.0 31.0 142.0 10 
-2.0 1.0 -1.0 8.0 1.0 8.0 19.0 5.0 8.0 17.0 7.0 15.0 14.0 13.0 14.0 14.0 141.0 10 
5.0 -4.0 -4.0 3.0 7.0 13.0 13.0 11.0 3.0 7.0 10.0 18.0 3.0 22.0 18.0 19.0 144.0 10 
3.0 4.0 0.0 10.0 -6.0 -14.0 -12.0 -1.0 -15.0 0.0 16.0 35.0 24.0 32.0 53.0 64.0 193.0 10 
1.0 -7.0 -3.0 0.0 -6.0 -16.0 -15.0 4.0 -15.0 -2.0 16.0 24.0 6.0 26.0 53.0 70.0 136.0 10 
-3.0 -1.0 -5.0 -8.0 24.0 40.0 39.0 20.0 29.0 25.0 7.0 -4.0 7.0 -14.0 -27.0 -28.0 101.0 10 
-3.0 0.0 1.0 1.0 6.0 2.0 5.0 15.0 7.0 12.0 10.0 14.0 18.0 18.0 15.0 24.0 145.0 10 
10.0 14.0 9.0 10.0 9.0 19.0 25.0 21.0 3.0 -1.0 3.0 6.0 7.0 2.0 -2.0 12.0 147.0 10 
-6.0 3.0 -1.0 -1.0 -1.0 9.0 15.0 17.0 2.0 17.0 14.0 11.0 2.0 11.0 17.0 10.0 119.0 10 
12.0 9.0 9.0 1.0 23.0 23.0 14.0 5.0 14.0 4.0 15.0 11.0 -1.0 3.0 -5.0 -1.0 136.0 10 
4.0 13.0 16.0 2.0 18.0 24.0 24.0 16.0 20.0 3.0 2.0 2.0 -3.0 3.0 -7.0 -10.0 127.0 10 
13.0 7.0 5.0 2.0 17.0 19.0 14.0 6.0 12.0 19.0 -2.0 -1.0 10.0 6.0 -2.0 8.0 133.0 10 
9.0 17.0 12.0 4.0 17.0 25.0 21.0 23.0 5.0 14.0 14.0 9.0 4.0 5.0 0.0 -4.0 175.0 10 
21.0 13.0 8.0 -1.0 21.0 24.0 9.0 1.0 27.0 7.0 -5.0 -19.0 4.0 12.0 -1.0 -11.0 110.0 10 
4.0 10.0 9.0 1.0 11.0 23.0 22.0 7.0 14.0 7.0 19.0 17.0 9.0 12.0 19.0 13.0 197.0 10 
20.0 11.0 0.0 -2.0 10.0 14.0 10.0 4.0 21.0 18.0 15.0 -13.0 13.0 13.0 2.0 0.0 136.0 10 
6.0 6.0 3.0 -1.0 13.0 4.0 9.0 0.0 17.0 16.0 5.0 6.0 12.0 5.0 15.0 4.0 120.0 10 
13.0 7.0 15.0 3.0 25.0 19.0 12.0 14.0 16.0 18.0 10.0 8.0 9.0 6.0 9.0 -6.0 178.0 10 
10.0 7.0 -5.0 2.0 9.0 10.0 10.0 6.0 18.0 7.0 13.0 6.0 6.0 21.0 4.0 8.0 132.0 10 
3.0 2.0 5.0 3.0 13.0 12.0 10.0 -7.0 24.0 17.0 7.0 21.0 13.0 13.0 8.0 3.0 147.0 10 
16.0 8.0 2.0 0.0 14.0 20.0 9.0 4.0 21.0 21.0 12.0 1.0 3.0 6.0 5.0 4.0 146.0 10 
12.0 3.0 6.0 -3.0 16.0 24.0 13.0 4.0 24.0 11.0 4.0 1.0 14.0 17.0 6.0 -2.0 150.0 10 
17.0 20.0 11.0 12.0 17.0 27.0 16.0 15.0 12.0 5.0 -1.0 -7.0 4.0 6.0 -9.0 -12.0 133.0 10 
14.0 7.0 12.0 1.0 6.0 10.0 10.0 -1.0 13.0 32.0 -1.0 -2.0 8.0 12.0 7.0 2.0 130.0 10 
9.0 0.0 -2.0 -6.0 12.0 6.0 -4.0 -1.0 36.0 24.0 10.0 1.0 30.0 23.0 19.0 11.0 168.0 10 
9.0 12.0 11.0 8.0 9.0 16.0 21.0 7.0 22.0 19.0 7.0 -1.0 5.0 16.0 11.0 2.0 174.0 10 
13.0 8.0 5.0 5.0 13.0 27.0 12.0 5.0 14.0 -2.0 12.0 4.0 5.0 5.0 4.0 -2.0 128.0 10 
11.0 13.0 2.0 4.0 26.0 23.0 15.0 3.0 19.0 20.0 5.0 -3.0 18.0 6.0 3.0 -4.0 161.0 10 
18.0 12.0 2.0 2.0 26.0 26.0 16.0 13.0 21.0 11.0 4.0 -2.0 3.0 -1.0 5.0 -4.0 152.0 10 
13.0 -1.0 2.0 -1.0 6.0 16.0 11.0 4.0 16.0 18.0 15.0 9.0 8.0 13.0 14.0 11.0 154.0 10 
12.0 24.0 3.0 3.0 30.0 25.0 12.0 -6.0 19.0 20.0 7.0 4.0 12.0 11.0 5.0 -2.0 179.0 10 
-11.0 2.0 -2.0 3.0 4.0 3.0 10.0 5.0 18.0 10.0 17.0 13.0 10.0 23.0 18.0 9.0 132.0 10 
2.0 -4.0 -3.0 4.0 0.0 21.0 12.0 7.0 14.0 12.0 16.0 15.0 5.0 11.0 15.0 15.0 142.0 10 
6.0 -7.0 4.0 -3.0 13.0 21.0 6.0 0.0 15.0 11.0 12.0 19.0 12.0 11.0 22.0 0.0 142.0 10 
6.0 4.0 3.0 4.0 15.0 23.0 13.0 20.0 19.0 10.0 7.0 5.0 10.0 2.0 0.0 8.0 149.0 10 
-1.0 1.0 1.0 3.0 5.0 9.0 17.0 14.0 7.0 11.0 16.0 7.0 9.0 14.0 17.0 11.0 141.0 10 
8.0 6.0 3.0 -7.0 12.0 15.0 13.0 9.0 13.0 14.0 14.0 5.0 9.0 8.0 10.0 1.0 133.0 10 
15.0 11.0 12.0 10.0 16.0 24.0 12.0 8.0 15.0 7.0 3.0 8.0 4.0 -1.0 -2.0 -1.0 141.0 10 
1.0 -3.0 10.0 3.0 11.0 14.0 14.0 4.0 20.0 15.0 10.0 7.0 6.0 10.0 13.0 11.0 146.0 10 
13.0 7.0 3.0 11.0 20.0 27.0 17.0 3.0 18.0 16.0 3.0 -2.0 -1.0 1.0 4.0 -14.0 126.0 10 
-3.0 7.0 0.0 -1.0 6.0 10.0 12.0 5.0 19.0 11.0 9.0 9.0 10.0 18.0 14.0 13.0 139.0 10 
7.0 1.0 10.0 -3.0 12.0 8.0 16.0 5.0 14.0 21.0 14.0 8.0 5.0 11.0 20.0 3.0 152.0 10 
13.0 3.0 2.0 1.0 16.0 17.0 22.0 14.0 7.0 8.0 8.0 9.0 -4.0 0.0 12.0 7.0 135.0 10 
3.0 0.0 -10.0 -5.0 5.0 -2.0 3.0 3.0 18.0 8.0 12.0 1.0 15.0 32.0 29.0 18.0 130.0 10 
17.0 9.0 10.0 -2.0 17.0 17.0 9.0 9.0 16.0 15.0 9.0 -3.0 11.0 7.0 2.0 -4.0 139.0 10 
-2.0 1.0 5.0 3.0 -5.0 8.0 16.0 7.0 10.0 7.0 7.0 22.0 3.0 12.0 17.0 12.0 123.0 10 
13.0 5.0 17.0 7.0 10.0 18.0 27.0 28.0 3.0 6.0 13.0 12.0 -5.0 0.0 8.0 -5.0 157.0 10 
1.0 5.0 11.0 3.0 15.0 20.0 16.0 17.0 13.0 17.0 10.0 13.0 8.0 2.0 11.0 -1.0 161.0 10 
10.0 6.0 1.0 0.0 8.0 11.0 16.0 0.0 20.0 7.0 9.0 3.0 12.0 16.0 14.0 10.0 143.0 10 
-6.0 1.0 -4.0 4.0 11.0 7.0 6.0 8.0 9.0 22.0 19.0 34.0 4.0 15.0 24.0 14.0 168.0 10 
4.0 13.0 8.0 3.0 23.0 30.0 11.0 20.0 7.0 8.0 6.0 1.0 2.0 -1.0 1.0 -2.0 134.0 10 
0.0 10.0 9.0 2.0 8.0 13.0 20.0 13.0 4.0 11.0 12.0 11.0 3.0 5.0 1.0 9.0 131.0 10 
0.0 4.0 8.0 -3.0 10.0 14.0 9.0 15.0 15.0 11.0 12.0 7.0 4.0 10.0 8.0 8.0 132.0 10 
10.0 18.0 10.0 2.0 16.0 18.0 20.0 21.0 8.0 13.0 5.0 11.0 -3.0 5.0 -7.0 -6.0 141.0 10 
15.0 15.0 18.0 1.0 21.0 26.0 19.0 12.0 7.0 6.0 11.0 16.0 -3.0 -5.0 0.0 -11.0 148.0 10 
-2.0 -4.0 5.0 -5.0 5.0 9.0 -2.0 1.0 16.0 22.0 6.0 13.0 22.0 20.0 25.0 17.0 148.0 10 
12.0 13.0 3.0 1.0 16.0 15.0 15.0 20.0 21.0 16.0 7.0 -9.0 6.0 3.0 -4.0 0.0 135.0 10 
13.0 2.0 7.0 4.0 20.0 26.0 14.0 9.0 15.0 11.0 10.0 22.0 1.0 6.0 1.0 0.0 161.0 10 
2.0 4.0 4.0 -3.0 11.0 18.0 13.0 3.0 19.0 16.0 8.0 8.0 14.0 11.0 15.0 2.0 145.0 10 
7.0 1.0 9.0 3.0 13.0 12.0 13.0 14.0 6.0 15.0 16.0 9.0 10.0 8.0 5.0 1.0 142.0 10 
5.0 7.0 6.0 1.0 -2.0 8.0 3.0 16.0 13.0 15.0 15.0 25.0 12.0 8.0 20.0 10.0 162.0 10 
19.0 7.0 1.0 -8.0 24.0 27.0 21.0 14.0 19.0 13.0 4.0 3.0 -2.0 0.0 -8.0 -1.0 133.0 10 
8.0 8.0 6.0 -5.0 19.0 14.0 7.0 7.0 25.0 18.0 3.0 0.0 9.0 12.0 3.0 -2.0 132.0 10 
7.0 13.0 -3.0 3.0 13.0 12.0 5.0 13.0 21.0 13.0 13.0 8.0 8.0 8.0 -1.0 -3.0 130.0 10 
6.0 9.0 5.0 5.0 5.0 21.0 11.0 11.0 19.0 17.0 10.0 3.0 10.0 2.0 2.0 -5.0 131.0 10 
14.0 21.0 7.0 9.0 16.0 30.0 31.0 17.0 7.0 11.0 4.0 12.0 -7.0 -7.0 -17.0 -15.0 133.0 10 
10.0 -1.0 -2.0 0.0 15.0 6.0 11.0 9.0 19.0 15.0 17.0 2.0 12.0 21.0 11.0 9.0 154.0 10 
14.0 10.0 7.0 -4.0 6.0 5.0 5.0 10.0 18.0 18.0 9.0 14.0 20.0 11.0 19.0 7.0 169.0 10 
-8.0 -7.0 4.0 0.0 8.0 9.0 10.0 12.0 5.0 19.0 10.0 16.0 7.0 12.0 26.0 16.0 139.0 10 
2.0 9.0 4.0 7.0 23.0 21.0 16.0 2.0 27.0 11.0 7.0 -3.0 7.0 -2.0 0.0 -5.0 126.0 10 
8.0 7.0 8.0 -1.0 8.0 19.0 13.0 4.0 17.0 12.0 12.0 10.0 18.0 12.0 9.0 9.0 165.0 10 
6.0 4.0 4.0 -2.0 18.0 21.0 7.0 -4.0 25.0 22.0 3.0 -7.0 10.0 12.0 9.0 -2.0 126.0 10 
21.0 18.0 15.0 13.0 19.0 33.0 30.0 29.0 8.0 8.0 8.0 13.0 5.0 2.0 5.0 7.0 234.0 20 
22.0 28.0 21.0 7.0 46.0 64.0 56.0 17.0 42.0 25.0 13.0 -10.0 -6.0 -11.0 -20.0 -24.0 270.0 20 
34.0 27.0 16.0 2.0 24.0 52.0 35.0 17.0 22.0 27.0 11.0 9.0 -3.0 -7.0 -9.0 -10.0 247.0 20 
18.0 7.0 0.0 -3.0 29.0 19.0 24.0 5.0 24.0 30.0 17.0 14.0 17.0 29.0 17.0 10.0 257.0 20 
8.0 10.0 -3.0 -7.0 12.0 20.0 5.0 -4.0 44.0 40.0 21.0 14.0 24.0 39.0 33.0 13.0 269.0 20 
15.0 16.0 19.0 7.0 25.0 27.0 29.0 43.0 15.0 23.0 19.0 26.0 5.0 10.0 15.0 10.0 304.0 20 
15.0 25.0 10.0 11.0 30.0 28.0 15.0 3.0 36.0 18.0 5.0 3.0 18.0 11.0 13.0 -2.0 239.0 20 
22.0 11.0 8.0 -1.0 28.0 24.0 20.0 15.0 31.0 22.0 12.0 12.0 21.0 18.0 8.0 -3.0 248.0 20 
23.0 22.0 8.0 -2.0 34.0 33.0 14.0 -2.0 44.0 30.0 8.0 -1.0 17.0 31.0 8.0 3.0 270.0 20 
16.0 23.0 18.0 18.0 7.0 43.0 37.0 33.0 12.0 10.0 24.0 13.0 0.0 -5.0 1.0 11.0 261.0 20 
25.0 50.0 53.0 21.0 20.0 33.0 50.0 60.0 -28.0 2.0 15.0 34.0 -14.0 -12.0 2.0 -3.0 308.0 20 
19.0 24.0 12.0 0.0 40.0 34.0 23.0 -2.0 38.0 34.0 8.0 13.0 14.0 10.0 -2.0 2.0 267.0 20 
19.0 10.0 18.0 5.0 29.0 35.0 17.0 18.0 40.0 27.0 10.0 6.0 19.0 24.0 16.0 1.0 294.0 20 
28.0 17.0 10.0 -1.0 27.0 20.0 20.0 19.0 31.0 28.0 9.0 0.0 11.0 11.0 24.0 13.0 267.0 20 
7.0 8.0 4.0 -6.0 26.0 30.0 20.0 14.0 44.0 27.0 16.0 8.0 21.0 20.0 21.0 4.0 264.0 20 
21.0 19.0 14.0 2.0 21.0 28.0 22.0 13.0 35.0 26.0 9.0 -9.0 9.0 10.0 9.0 4.0 233.0 20 
10.0 15.0 12.0 0.0 24.0 33.0 29.0 12.0 26.0 26.0 18.0 25.0 18.0 21.0 17.0 8.0 294.0 20 
13.0 5.0 12.0 -7.0 28.0 24.0 7.0 5.0 39.0 37.0 24.0 17.0 22.0 21.0 21.0 6.0 274.0 20 
4.0 12.0 1.0 -2.0 12.0 27.0 22.0 8.0 42.0 31.0 22.0 14.0 16.0 34.0 21.0 12.0 276.0 20 
2.0 2.0 7.0 -3.0 24.0 26.0 8.0 1.0 34.0 27.0 28.0 27.0 21.0 33.0 26.0 20.0 283.0 20 
1.0 -6.0 -10.0 6.0 29.0 19.0 6.0 -7.0 36.0 36.0 25.0 12.0 38.0 45.0 32.0 14.0 276.0 20 
-3.0 -2.0 8.0 0.0 9.0 14.0 23.0 23.0 24.0 20.0 26.0 33.0 24.0 23.0 26.0 15.0 263.0 20 
11.0 8.0 4.0 2.0 22.0 16.0 19.0 10.0 33.0 31.0 22.0 21.0 20.0 31.0 27.0 13.0 290.0 20 
20.0 12.0 3.0 -2.0 44.0 35.0 12.0 -7.0 59.0 36.0 14.0 1.0 29.0 22.0 9.0 -6.0 281.0 20 
15.0 8.0 8.0 -3.0 18.0 24.0 19.0 13.0 32.0 29.0 26.0 32.0 23.0 24.0 20.0 12.0 300.0 20 
6.0 7.0 -6.0 2.0 26.0 14.0 9.0 4.0 40.0 27.0 19.0 12.0 27.0 27.0 29.0 15.0 258.0 20 
17.0 20.0 15.0 11.0 17.0 28.0 27.0 22.0 14.0 9.0 17.0 18.0 5.0 5.0 7.0 9.0 241.0 20 
9.0 3.0 12.0 0.0 10.0 16.0 10.0 12.0 27.0 28.0 18.0 20.0 20.0 21.0 32.0 14.0 252.0 20 
11.0 19.0 6.0 0.0 16.0 15.0 25.0 26.0 27.0 23.0 18.0 13.0 8.0 11.0 19.0 9.0 246.0 20 
-12.0 8.0 -3.0 -1.0 17.0 27.0 16.0 20.0 34.0 31.0 29.0 37.0 27.0 28.0 38.0 23.0 319.0 20 
6.0 5.0 0.0 -2.0 18.0 19.0 21.0 10.0 31.0 39.0 16.0 18.0 18.0 21.0 32.0 21.0 273.0 20 
18.0 23.0 15.0 5.0 14.0 20.0 37.0 28.0 20.0 13.0 15.0 14.0 12.0 8.0 11.0 8.0 261.0 20 
18.0 24.0 19.0 8.0 23.0 43.0 18.0 22.0 27.0 23.0 13.0 11.0 9.0 5.0 18.0 5.0 286.0 20 
15.0 15.0 5.0 -1.0 28.0 34.0 17.0 8.0 40.0 24.0 19.0 8.0 15.0 15.0 10.0 3.0 255.0 20 
13.0 4.0 3.0 10.0 21.0 28.0 21.0 9.0 37.0 19.0 7.0 6.0 12.0 22.0 19.0 3.0 234.0 20 
22.0 25.0 14.0 7.0 29.0 35.0 20.0 9.0 33.0 19.0 19.0 -10.0 18.0 1.0 6.0 0.0 247.0 20 
15.0 18.0 18.0 5.0 18.0 24.0 29.0 25.0 23.0 17.0 14.0 15.0 11.0 17.0 18.0 2.0 269.0 20 
29.0 19.0 6.0 -2.0 34.0 31.0 17.0 4.0 37.0 25.0 18.0 3.0 16.0 19.0 13.0 -1.0 268.0 20 
28.0 35.0 28.0 1.0 42.0 43.0 33.0 16.0 3.0 14.0 6.0 15.0 3.0 3.0 -6.0 -1.0 263.0 20 
14.0 24.0 9.0 2.0 27.0 31.0 31.0 5.0 25.0 20.0 20.0 10.0 16.0 13.0 21.0 7.0 275.0 20 
18.0 20.0 15.0 13.0 -1.0 27.0 30.0 18.0 19.0 25.0 23.0 16.0 4.0 15.0 10.0 13.0 265.0 20 
8.0 3.0 6.0 7.0 18.0 16.0 28.0 38.0 17.0 30.0 17.0 33.0 3.0 15.0 21.0 12.0 272.0 20 
14.0 22.0 12.0 1.0 25.0 34.0 22.0 18.0 25.0 26.0 21.0 13.0 6.0 11.0 -1.0 -1.0 248.0 20 
6.0 16.0 18.0 18.0 10.0 30.0 33.0 42.0 12.0 23.0 18.0 31.0 7.0 8.0 3.0 4.0 279.0 20 
9.0 7.0 8.0 0.0 24.0 23.0 23.0 25.0 26.0 26.0 20.0 23.0 19.0 24.0 20.0 5.0 282.0 20 
7.0 -8.0 -9.0 -5.0 14.0 10.0 -5.0 -22.0 69.0 42.0 15.0 -2.0 39.0 48.0 37.0 12.0 242.0 20 
16.0 5.0 -1.0 -9.0 29.0 29.0 14.0 -11.0 57.0 37.0 17.0 -9.0 52.0 39.0 30.0 1.0 296.0 20 
-7.0 -17.0 -10.0 -2.0 4.0 -4.0 5.0 -3.0 35.0 41.0 28.0 29.0 40.0 53.0 57.0 43.0 292.0 20 
18.0 17.0 1.0 5.0 31.0 28.0 24.0 15.0 24.0 26.0 19.0 5.0 15.0 13.0 8.0 0.0 249.0 20 
22.0 29.0 11.0 3.0 31.0 36.0 28.0 8.0 30.0 17.0 8.0 2.0 19.0 15.0 -2.0 -4.0 253.0 20 
19.0 33.0 36.0 15.0 14.0 36.0 32.0 40.0 0.0 18.0 11.0 3.0 -2.0 -5.0 4.0 0.0 254.0 20 
10.0 22.0 25.0 16.0 20.0 37.0 41.0 40.0 12.0 7.0 21.0 25.0 9.0 -5.0 12.0 6.0 298.0 20 
16.0 23.0 15.0 4.0 32.0 33.0 25.0 10.0 43.0 29.0 9.0 3.0 23.0 14.0 7.0 7.0 293.0 20 
15.0 0.0 -3.0 -3.0 37.0 26.0 10.0 -15.0 64.0 43.0 31.0 3.0 41.0 31.0 27.0 3.0 310.0 20 
6.0 38.0 37.0 21.0 0.0 24.0 45.0 61.0 -12.0 3.0 13.0 20.0 -8.0 -10.0 1.0 5.0 244.0 20 
18.0 15.0 18.0 4.0 28.0 40.0 32.0 26.0 25.0 22.0 14.0 5.0 8.0 6.0 7.0 1.0 269.0 20 
-9.0 0.0 14.0 13.0 -20.0 4.0 41.0 57.0 -3.0 13.0 30.0 48.0 8.0 26.0 50.0 26.0 298.0 20 
-7.0 -8.0 0.0 5.0 4.0 11.0 12.0 11.0 28.0 41.0 32.0 22.0 20.0 30.0 34.0 15.0 250.0 20 
-4.0 -1.0 10.0 2.0 3.0 14.0 28.0 27.0 20.0 21.0 24.0 27.0 23.0 29.0 36.0 18.0 277.0 20 
15.0 35.0 33.0 13.0 17.0 32.0 36.0 46.0 -7.0 10.0 16.0 28.0 -10.0 -9.0 8.0 11.0 274.0 20 
-3.0 4.0 15.0 12.0 11.0 11.0 31.0 53.0 3.0 15.0 36.0 61.0 3.0 14.0 25.0 23.0 314.0 20 
30.0 22.0 24.0 31.0 24.0 32.0 35.0 41.0 22.0 24.0 16.0 17.0 -2.0 -5.0 -7.0 -4.0 300.0 20 
17.0 25.0 22.0 15.0 15.0 35.0 38.0 44.0 9.0 16.0 19.0 30.0 -2.0 -8.0 3.0 5.0 283.0 20 
25.0 32.0 25.0 13.0 21.0 32.0 34.0 29.0 9.0 15.0 15.0 0.0 -6.0 -19.0 -11.0 -8.0 206.0 20 
21.0 28.0 26.0 11.0 15.0 34.0 26.0 28.0 11.0 14.0 16.0 16.0 2.0 7.0 10.0 9.0 274.0 20 
16.0 27.0 21.0 15.0 15.0 42.0 31.0 26.0 22.0 12.0 9.0 14.0 -2.0 -1.0 6.0 3.0 256.0 20 
14.0 36.0 26.0 18.0 6.0 23.0 38.0 51.0 -10.0 9.0 14.0 29.0 -2.0 -8.0 4.0 3.0 251.0 20 
15.0 23.0 22.0 21.0 20.0 30.0 32.0 30.0 10.0 17.0 12.0 7.0 -6.0 -1.0 -4.0 4.0 232.0 20 
5.0 28.0 25.0 26.0 14.0 23.0 50.0 59.0 -3.0 10.0 15.0 42.0 -10.0 -9.0 4.0 -1.0 278.0 20 
20.0 23.0 26.0 9.0 25.0 33.0 36.0 39.0 13.0 12.0 12.0 17.0 -2.0 -2.0 -1.0 0.0 260.0 20 
15.0 19.0 26.0 21.0 10.0 29.0 36.0 51.0 2.0 11.0 13.0 32.0 3.0 -8.0 2.0 10.0 272.0 20 
29.0 39.0 37.0 14.0 25.0 24.0 37.0 46.0 6.0 14.0 14.0 22.0 -8.0 -14.0 0.0 -4.0 281.0 20 
15.0 34.0 24.0 19.0 13.0 36.0 39.0 44.0 7.0 10.0 14.0 14.0 -11.0 -8.0 -7.0 -10.0 233.0 20 
15.0 43.0 31.0 23.0 26.0 52.0 45.0 25.0 3.0 10.0 4.0 7.0 -6.0 -15.0 -17.0 -9.0 237.0 20 
10.0 9.0 15.0 -4.0 20.0 20.0 31.0 34.0 16.0 31.0 30.0 29.0 15.0 15.0 13.0 10.0 294.0 20 
9.0 16.0 7.0 13.0 28.0 24.0 19.0 11.0 38.0 27.0 14.0 5.0 11.0 12.0 15.0 7.0 256.0 20 
0.0 3.0 4.0 7.0 -3.0 18.0 17.0 28.0 19.0 27.0 27.0 19.0 12.0 27.0 27.0 16.0 248.0 20 
3.0 1.0 3.0 7.0 18.0 18.0 26.0 12.0 34.0 34.0 27.0 39.0 10.0 17.0 25.0 19.0 293.0 20 
2.0 9.0 6.0 10.0 13.0 20.0 22.0 28.0 17.0 19.0 29.0 28.0 15.0 19.0 16.0 13.0 266.0 20 
-18.0 -10.0 -10.0 -3.0 -16.0 -2.0 4.0 14.0 28.0 27.0 28.0 24.0 37.0 53.0 69.0 37.0 262.0 20 
10.0 10.0 -6.0 2.0 14.0 13.0 19.0 9.0 24.0 34.0 20.0 22.0 15.0 22.0 25.0 21.0 254.0 20 
-10.0 -6.0 3.0 6.0 0.0 16.0 31.0 40.0 7.0 17.0 33.0 43.0 17.0 33.0 39.0 30.0 299.0 20 
5.0 4.0 6.0 9.0 8.0 11.0 13.0 27.0 9.0 27.0 25.0 39.0 13.0 29.0 23.0 24.0 272.0 20 
10.0 11.0 9.0 10.0 7.0 23.0 27.0 27.0 20.0 17.0 23.0 30.0 18.0 20.0 18.0 20.0 290.0 20 
3.0 8.0 6.0 12.0 0.0 8.0 18.0 26.0 15.0 27.0 16.0 15.0 18.0 24.0 32.0 23.0 251.0 20 
-3.0 0.0 1.0 9.0 7.0 9.0 11.0 12.0 20.0 34.0 24.0 42.0 21.0 29.0 33.0 30.0 279.0 20 
-2.0 -7.0 -1.0 15.0 -4.0 15.0 24.0 38.0 17.0 23.0 34.0 39.0 10.0 14.0 40.0 32.0 287.0 20 
-1.0 5.0 8.0 2.0 -6.0 15.0 23.0 50.0 3.0 21.0 21.0 43.0 8.0 18.0 35.0 33.0 278.0 20 
16.0 17.0 16.0 7.0 12.0 26.0 29.0 26.0 23.0 27.0 24.0 20.0 1.0 11.0 6.0 4.0 265.0 20 
-14.0 -9.0 -5.0 4.0 -10.0 0.0 23.0 49.0 18.0 21.0 34.0 48.0 10.0 36.0 52.0 34.0 291.0 20 
0.0 8.0 3.0 -1.0 -2.0 13.0 13.0 16.0 18.0 32.0 21.0 29.0 22.0 37.0 43.0 20.0 272.0 20 
-7.0 6.0 6.0 3.0 -9.0 11.0 16.0 28.0 14.0 29.0 24.0 34.0 18.0 32.0 37.0 29.0 271.0 20 
10.0 17.0 10.0 6.0 18.0 22.0 25.0 26.0 22.0 32.0 22.0 16.0 13.0 9.0 20.0 5.0 273.0 20 
9.0 7.0 14.0 16.0 16.0 37.0 36.0 35.0 16.0 26.0 29.0 39.0 -1.0 15.0 18.0 17.0 329.0 20 
15.0 24.0 18.0 6.0 12.0 32.0 37.0 27.0 10.0 18.0 12.0 10.0 5.0 5.0 12.0 3.0 246.0 20 
7.0 14.0 17.0 10.0 6.0 22.0 27.0 29.0 16.0 21.0 26.0 28.0 7.0 13.0 14.0 8.0 265.0 20 
2.0 5.0 2.0 -1.0 18.0 12.0 10.0 8.0 27.0 31.0 24.0 17.0 22.0 39.0 29.0 16.0 261.0 20 
-1.0 -6.0 11.0 9.0 -1.0 15.0 19.0 34.0 12.0 18.0 26.0 49.0 5.0 21.0 34.0 24.0 269.0 20 
-12.0 -10.0 -8.0 -1.0 2.0 9.0 8.0 14.0 24.0 25.0 39.0 40.0 22.0 42.0 38.0 30.0 262.0 20 
0.0 -1.0 -6.0 9.0 24.0 30.0 22.0 12.0 32.0 33.0 24.0 38.0 18.0 23.0 26.0 19.0 303.0 20 
-2.0 8.0 15.0 11.0 2.0 15.0 30.0 35.0 6.0 23.0 20.0 28.0 9.0 21.0 24.0 13.0 258.0 20 
2.0 1.0 9.0 10.0 11.0 27.0 24.0 37.0 16.0 25.0 27.0 39.0 8.0 31.0 31.0 24.0 322.0 20 
-9.0 1.0 4.0 2.0 -2.0 9.0 25.0 18.0 14.0 41.0 28.0 30.0 13.0 39.0 39.0 28.0 280.0 20 
4.0 7.0 12.0 17.0 -3.0 17.0 34.0 37.0 16.0 23.0 20.0 39.0 15.0 15.0 29.0 17.0 299.0 20 
1.0 17.0 28.0 15.0 5.0 22.0 35.0 39.0 8.0 23.0 21.0 28.0 7.0 0.0 14.0 10.0 273.0 20 
11.0 11.0 3.0 6.0 28.0 32.0 17.0 16.0 28.0 28.0 19.0 15.0 11.0 15.0 18.0 5.0 263.0 20 
-13.0 -13.0 -1.0 -7.0 -26.0 -31.0 -3.0 -1.0 27.0 35.0 38.0 42.0 33.0 59.0 69.0 55.0 263.0 20 
-7.0 -14.0 -3.0 15.0 -14.0 -4.0 14.0 49.0 3.0 24.0 33.0 58.0 20.0 38.0 48.0 43.0 303.0 20 
4.0 -1.0 3.0 2.0 5.0 14.0 18.0 19.0 25.0 28.0 19.0 26.0 21.0 36.0 36.0 34.0 289.0 20 
24.0 28.0 28.0 13.0 25.0 36.0 34.0 38.0 1.0 4.0 13.0 23.0 -5.0 -2.0 -2.0 -6.0 252.0 20 
-15.0 -17.0 -18.0 -1.0 -7.0 -7.0 -9.0 -14.0 39.0 46.0 29.0 27.0 43.0 66.0 69.0 46.0 277.0 20 
2.0 13.0 10.0 3.0 5.0 24.0 32.0 26.0 18.0 22.0 18.0 25.0 13.0 15.0 26.0 6.0 258.0 20 
17.0 16.0 12.0 4.0 15.0 31.0 33.0 32.0 22.0 21.0 19.0 10.0 12.0 19.0 20.0 17.0 300.0 20 
15.0 17.0 15.0 18.0 12.0 23.0 30.0 36.0 6.0 11.0 16.0 31.0 6.0 12.0 15.0 7.0 270.0 20 
17.0 20.0 18.0 17.0 12.0 26.0 40.0 31.0 8.0 20.0 16.0 28.0 -1.0 5.0 12.0 7.0 276.0 20 
-9.0 2.0 0.0 -4.0 15.0 20.0 8.0 13.0 23.0 36.0 31.0 64.0 22.0 27.0 38.0 33.0 319.0 20 
3.0 9.0 16.0 7.0 10.0 15.0 20.0 26.0 13.0 28.0 22.0 28.0 17.0 24.0 32.0 16.0 286.0 20 
14.0 18.0 19.0 3.0 12.0 19.0 20.0 24.0 23.0 27.0 15.0 18.0 13.0 18.0 20.0 15.0 278.0 20 
25.0 28.0 25.0 5.0 25.0 35.0 36.0 31.0 22.0 22.0 6.0 -5.0 5.0 5.0 2.0 -4.0 263.0 20 
-15.0 -19.0 -16.0 3.0 12.0 0.0 -38.0 -43.0 69.0 44.0 20.0 16.0 69.0 74.0 63.0 26.0 265.0 20 
29.0 10.0 3.0 -4.0 49.0 40.0 4.0 -19.0 73.0 39.0 7.0 -24.0 40.0 27.0 6.0 -3.0 277.0 20 
16.0 12.0 10.0 2.0 36.0 33.0 13.0 4.0 42.0 26.0 5.0 11.0 24.0 26.0 10.0 0.0 270.0 20 
11.0 12.0 0.0 10.0 25.0 17.0 19.0 19.0 39.0 31.0 15.0 -1.0 21.0 14.0 23.0 4.0 259.0 20 
-8.0 -13.0 -10.0 6.0 7.0 11.0 -1.0 3.0 35.0 28.0 29.0 31.0 40.0 53.0 48.0 29.0 288.0 20 
2.0 -1.0 -11.0 -2.0 29.0 9.0 -5.0 -31.0 57.0 38.0 20.0 -1.0 53.0 45.0 37.0 14.0 253.0 20 
15.0 25.0 16.0 2.0 23.0 30.0 17.0 21.0 25.0 17.0 12.0 19.0 13.0 18.0 19.0 4.0 276.0 20 
16.0 29.0 36.0 21.0 19.0 56.0 70.0 76.0 33.0 48.0 61.0 95.0 19.0 32.0 46.0 50.0 707.0 50 
3.0 26.0 43.0 19.0 19.0 37.0 54.0 77.0 44.0 46.0 52.0 84.0 33.0 53.0 70.0 57.0 717.0 50 
9.0 11.0 12.0 10.0 29.0 42.0 48.0 55.0 56.0 66.0 60.0 68.0 48.0 70.0 70.0 50.0 704.0 50 
23.0 29.0 29.0 22.0 42.0 62.0 58.0 53.0 61.0 61.0 40.0 64.0 26.0 42.0 48.0 27.0 687.0 50 
11.0 11.0 23.0 10.0 39.0 56.0 43.0 36.0 65.0 65.0 51.0 54.0 43.0 65.0 61.0 44.0 677.0 50 
17.0 2.0 0.0 -1.0 53.0 51.0 32.0 11.0 89.0 76.0 47.0 46.0 74.0 75.0 67.0 40.0 679.0 50 
16.0 19.0 12.0 22.0 33.0 64.0 53.0 44.0 63.0 66.0 55.0 61.0 40.0 47.0 52.0 40.0 687.0 50 
31.0 21.0 10.0 2.0 62.0 63.0 29.0 19.0 91.0 66.0 45.0 33.0 69.0 68.0 57.0 26.0 692.0 50 
17.0 24.0 14.0 4.0 43.0 55.0 38.0 29.0 83.0 69.0 49.0 43.0 60.0 68.0 61.0 36.0 693.0 50 
51.0 55.0 34.0 18.0 64.0 79.0 63.0 36.0 74.0 70.0 26.0 26.0 29.0 36.0 17.0 9.0 687.0 50 
15.0 37.0 44.0 49.0 27.0 56.0 83.0 103.0 18.0 42.0 48.0 97.0 0.0 28.0 39.0 43.0 729.0 50 
62.0 77.0 68.0 36.0 58.0 75.0 76.0 72.0 33.0 39.0 16.0 34.0 8.0 0.0 -10.0 -10.0 634.0 50 
11.0 28.0 34.0 37.0 11.0 45.0 69.0 94.0 21.0 40.0 58.0 88.0 18.0 35.0 55.0 56.0 700.0 50 
29.0 44.0 32.0 23.0 48.0 71.0 68.0 76.0 46.0 46.0 47.0 57.0 17.0 32.0 38.0 25.0 699.0 50 
7.0 -3.0 13.0 6.0 19.0 34.0 39.0 53.0 53.0 57.0 66.0 86.0 59.0 82.0 90.0 64.0 725.0 50 
7.0 9.0 17.0 13.0 14.0 33.0 65.0 75.0 24.0 54.0 55.0 100.0 36.0 51.0 71.0 73.0 697.0 50 
2.0 3.0 5.0 7.0 26.0 46.0 38.0 39.0 79.0 72.0 55.0 65.0 56.0 90.0 84.0 51.0 718.0 50 
56.0 64.0 45.0 19.0 64.0 75.0 66.0 62.0 55.0 44.0 26.0 22.0 19.0 27.0 16.0 13.0 673.0 50 
28.0 30.0 33.0 34.0 36.0 57.0 67.0 83.0 41.0 62.0 50.0 71.0 14.0 22.0 44.0 38.0 710.0 50 
-8.0 -6.0 -2.0 3.0 -1.0 25.0 35.0 49.0 53.0 72.0 73.0 79.0 50.0 95.0 110.0 80.0 707.0 50 
8.0 4.0 4.0 4.0 34.0 36.0 42.0 36.0 59.0 68.0 61.0 72.0 51.0 76.0 79.0 56.0 690.0 50 
19.0 40.0 28.0 18.0 41.0 64.0 63.0 66.0 42.0 55.0 50.0 60.0 27.0 36.0 45.0 26.0 680.0 50 
22.0 23.0 13.0 6.0 49.0 57.0 44.0 30.0 83.0 77.0 43.0 46.0 63.0 57.0 62.0 37.0 712.0 50 
25.0 20.0 17.0 12.0 55.0 64.0 41.0 23.0 79.0 67.0 51.0 39.0 45.0 51.0 44.0 25.0 658.0 50 
25.0 35.0 33.0 18.0 34.0 57.0 64.0 53.0 55.0 53.0 45.0 43.0 34.0 40.0 41.0 25.0 655.0 50 
29.0 40.0 31.0 2.0 45.0 61.0 54.0 52.0 60.0 56.0 45.0 49.0 52.0 50.0 49.0 32.0 707.0 50 
35.0 22.0 4.0 1.0 65.0 72.0 39.0 16.0 103.0 69.0 42.0 29.0 62.0 56.0 54.0 26.0 695.0 50 
49.0 49.0 26.0 -2.0 85.0 72.0 39.0 4.0 102.0 72.0 32.0 13.0 53.0 49.0 37.0 13.0 693.0 50 
-15.0 -21.0 -9.0 -9.0 -46.0 -57.0 0.0 62.0 -36.0 26.0 73.0 167.0 56.0 117.0 183.0 210.0 701.0 50 
-9.0 -17.0 -8.0 5.0 -22.0 -10.0 32.0 68.0 8.0 37.0 46.0 90.0 37.0 73.0 104.0 117.0 551.0 50 
17.0 -2.0 -14.0 -5.0 72.0 40.0 -13.0 -41.0 147.0 95.0 36.0 -3.0 147.0 117.0 70.0 21.0 684.0 50 
-1.0 0.0 8.0 13.0 19.0 31.0 47.0 51.0 45.0 71.0 61.0 95.0 43.0 72.0 89.0 80.0 724.0 50 
19.0 27.0 20.0 22.0 36.0 55.0 51.0 56.0 55.0 58.0 52.0 70.0 30.0 50.0 55.0 41.0 697.0 50 
111.0 101.0 58.0 12.0 114.0 102.0 44.0 -9.0 109.0 47.0 -18.0 -57.0 40.0 10.0 -23.0 -6.0 635.0 50 
52.0 64.0 66.0 41.0 62.0 71.0 83.0 70.0 33.0 40.0 22.0 39.0 -3.0 0.0 3.0 3.0 646.0 50 
39.0 57.0 26.0 7.0 73.0 73.0 58.0 40.0 62.0 59.0 37.0 37.0 34.0 34.0 26.0 7.0 669.0 50 
32.0 37.0 34.0 17.0 57.0 70.0 57.0 47.0 62.0 55.0 43.0 31.0 35.0 38.0 25.0 16.0 656.0 50 
9.0 20.0 15.0 18.0 28.0 52.0 56.0 72.0 40.0 65.0 54.0 73.0 28.0 48.0 65.0 50.0 693.0 50 
18.0 40.0 41.0 27.0 25.0 55.0 75.0 83.0 35.0 51.0 45.0 63.0 22.0 31.0 45.0 33.0 689.0 50 
17.0 25.0 21.0 9.0 34.0 55.0 48.0 50.0 64.0 60.0 43.0 37.0 29.0 58.0 63.0 42.0 655.0 50 
8.0 16.0 9.0 12.0 21.0 38.0 51.0 46.0 69.0 58.0 54.0 52.0 45.0 66.0 68.0 46.0 659.0 50 
2.0 0.0 4.0 7.0 35.0 38.0 40.0 35.0 58.0 67.0 59.0 66.0 51.0 73.0 74.0 60.0 669.0 50 
45.0 66.0 69.0 25.0 41.0 74.0 91.0 81.0 20.0 29.0 31.0 54.0 12.0 11.0 2.0 11.0 662.0 50 
4.0 13.0 14.0 6.0 21.0 39.0 38.0 53.0 51.0 61.0 55.0 68.0 58.0 76.0 81.0 59.0 697.0 50 
1.0 -1.0 2.0 14.0 16.0 31.0 43.0 46.0 61.0 81.0 58.0 68.0 50.0 74.0 97.0 67.0 708.0 50 
25.0 21.0 7.0 1.0 54.0 56.0 54.0 35.0 72.0 70.0 51.0 45.0 54.0 65.0 59.0 35.0 704.0 50 
2.0 -11.0 -8.0 -2.0 45.0 31.0 5.0 -28.0 107.0 84.0 47.0 27.0 107.0 115.0 94.0 46.0 661.0 50 
22.0 28.0 20.0 1.0 46.0 56.0 49.0 31.0 75.0 69.0 49.0 31.0 46.0 54.0 51.0 19.0 647.0 50 
43.0 55.0 50.0 10.0 39.0 69.0 69.0 63.0 50.0 53.0 29.0 16.0 32.0 33.0 26.0 10.0 647.0 50 
31.0 22.0 6.0 -9.0 68.0 63.0 43.0 14.0 89.0 75.0 45.0 33.0 55.0 61.0 50.0 15.0 661.0 50 
9.0 -3.0 -8.0 -12.0 35.0 38.0 4.0 -18.0 111.0 86.0 40.0 21.0 104.0 121.0 84.0 41.0 653.0 50 
33.0 8.0 1.0 -4.0 69.0 57.0 31.0 12.0 95.0 75.0 47.0 32.0 77.0 69.0 60.0 19.0 681.0 50 
18.0 21.0 6.0 -1.0 51.0 54.0 35.0 14.0 93.0 74.0 40.0 31.0 76.0 76.0 63.0 33.0 684.0 50 
23.0 24.0 12.0 1.0 44.0 61.0 42.0 35.0 80.0 60.0 49.0 50.0 61.0 67.0 49.0 27.0 685.0 50 
16.0 24.0 11.0 6.0 58.0 62.0 41.0 26.0 86.0 74.0 45.0 38.0 63.0 59.0 57.0 20.0 686.0 50 
50.0 43.0 6.0 -3.0 92.0 75.0 34.0 -9.0 118.0 82.0 30.0 -4.0 81.0 60.0 32.0 2.0 689.0 50 
51.0 43.0 21.0 5.0 62.0 68.0 46.0 7.0 92.0 74.0 38.0 -4.0 55.0 54.0 46.0 6.0 664.0 50 
40.0 39.0 22.0 7.0 54.0 71.0 53.0 27.0 93.0 68.0 40.0 17.0 46.0 57.0 34.0 28.0 696.0 50 
107.0 92.0 47.0 10.0 113.0 94.0 47.0 5.0 89.0 50.0 6.0 -31.0 26.0 8.0 -15.0 -13.0 635.0 50 
24.0 31.0 18.0 8.0 51.0 60.0 46.0 37.0 80.0 74.0 47.0 29.0 58.0 59.0 52.0 32.0 706.0 50 
52.0 44.0 17.0 -6.0 91.0 74.0 32.0 11.0 101.0 73.0 27.0 -2.0 70.0 53.0 30.0 -5.0 662.0 50 
80.0 77.0 40.0 13.0 75.0 86.0 55.0 17.0 96.0 63.0 17.0 -7.0 29.0 20.0 1.0 -9.0 653.0 50  
57.0 54.0 53.0 25.0 71.0 69.0 72.0 65.0 41.0 53.0 37.0 63.0 17.0 -2.0 -3.0 15.0 687.0 50 
90.0 80.0 33.0 10.0 104.0 77.0 40.0 1.0 103.0 64.0 6.0 -29.0 46.0 31.0 4.0 -5.0 655.0 50 
84.0 69.0 40.0 8.0 94.0 90.0 55.0 2.0 94.0 58.0 14.0 -21.0 34.0 15.0 -9.0 -9.0 618.0 50 
79.0 62.0 25.0 5.0 103.0 87.0 37.0 -13.0 104.0 61.0 20.0 -8.0 52.0 31.0 10.0 -18.0 637.0 50 
61.0 51.0 21.0 12.0 77.0 74.0 54.0 20.0 88.0 69.0 33.0 14.0 42.0 34.0 20.0 7.0 677.0 50 
50.0 50.0 22.0 10.0 68.0 67.0 50.0 30.0 80.0 61.0 38.0 16.0 44.0 42.0 39.0 4.0 671.0 50 
54.0 48.0 33.0 16.0 72.0 75.0 56.0 24.0 67.0 56.0 34.0 23.0 36.0 28.0 18.0 12.0 652.0 50 
72.0 66.0 45.0 11.0 87.0 84.0 55.0 17.0 83.0 57.0 27.0 1.0 36.0 25.0 5.0 -6.0 665.0 50 
54.0 51.0 23.0 10.0 72.0 77.0 48.0 13.0 82.0 60.0 21.0 0.0 54.0 43.0 18.0 -3.0 623.0 50 
43.0 16.0 -9.0 8.0 84.0 53.0 6.0 -42.0 149.0 96.0 26.0 -22.0 114.0 99.0 50.0 14.0 685.0 50 
48.0 66.0 56.0 32.0 60.0 85.0 73.0 71.0 52.0 43.0 32.0 35.0 14.0 3.0 -6.0 -5.0 659.0 50 
55.0 67.0 47.0 32.0 76.0 82.0 72.0 33.0 67.0 60.0 23.0 16.0 22.0 9.0 7.0 -1.0 667.0 50 
7.0 18.0 19.0 17.0 35.0 48.0 56.0 64.0 55.0 61.0 54.0 69.0 34.0 65.0 64.0 42.0 708.0 50 
14.0 28.0 31.0 37.0 27.0 53.0 74.0 93.0 27.0 43.0 54.0 75.0 8.0 38.0 48.0 44.0 694.0 50 
-8.0 4.0 7.0 8.0 12.0 34.0 48.0 55.0 49.0 63.0 60.0 94.0 44.0 72.0 72.0 63.0 677.0 50 
38.0 47.0 42.0 37.0 48.0 68.0 74.0 76.0 38.0 52.0 36.0 53.0 1.0 17.0 21.0 17.0 665.0 50 
33.0 46.0 42.0 17.0 52.0 73.0 71.0 82.0 34.0 45.0 44.0 75.0 14.0 21.0 23.0 11.0 683.0 50 
43.0 54.0 45.0 11.0 54.0 76.0 62.0 62.0 43.0 56.0 39.0 63.0 29.0 25.0 24.0 9.0 695.0 50 
50.0 68.0 60.0 34.0 66.0 75.0 70.0 68.0 37.0 39.0 37.0 42.0 16.0 10.0 5.0 4.0 681.0 50 
41.0 51.0 51.0 40.0 44.0 66.0 76.0 87.0 39.0 50.0 39.0 55.0 2.0 13.0 19.0 21.0 694.0 50 
71.0 86.0 60.0 33.0 75.0 80.0 67.0 53.0 48.0 40.0 11.0 23.0 6.0 4.0 -1.0 -6.0 650.0 50 
45.0 65.0 72.0 52.0 46.0 72.0 77.0 79.0 16.0 37.0 39.0 45.0 -3.0 8.0 7.0 2.0 659.0 50 
81.0 96.0 96.0 56.0 80.0 94.0 81.0 82.0 9.0 21.0 21.0 34.0 -17.0 -22.0 -34.0 -13.0 665.0 50 
55.0 61.0 48.0 44.0 71.0 78.0 67.0 53.0 56.0 52.0 31.0 32.0 4.0 18.0 12.0 1.0 683.0 50 
111.0 101.0 68.0 32.0 90.0 83.0 65.0 35.0 52.0 34.0 14.0 -21.0 5.0 -16.0 -23.0 -12.0 618.0 50 
59.0 102.0 111.0 90.0 44.0 86.0 92.0 115.0 -12.0 4.0 15.0 33.0 -6.0 -28.0 -24.0 -8.0 673.0 50 
49.0 56.0 52.0 34.0 53.0 67.0 76.0 80.0 35.0 36.0 39.0 44.0 1.0 19.0 17.0 0.0 658.0 50 
113.0 141.0 139.0 120.0 64.0 102.0 101.0 90.0 -8.0 -7.0 -11.0 -16.0 -14.0 -51.0 -56.0 -27.0 680.0 50 
76.0 98.0 97.0 56.0 68.0 93.0 79.0 85.0 22.0 24.0 24.0 32.0 -7.0 -23.0 -22.0 -15.0 687.0 50 
66.0 119.0 116.0 138.0 29.0 76.0 106.0 137.0 -31.0 -22.0 -1.0 35.0 -23.0 -46.0 -50.0 -11.0 638.0 50 
156.0 171.0 141.0 73.0 97.0 109.0 87.0 55.0 5.0 -14.0 -24.0 -50.0 -21.0 -46.0 -60.0 -21.0 658.0 50 
111.0 145.0 140.0 137.0 71.0 94.0 94.0 102.0 -16.0 -20.0 -14.0 -16.0 -10.0 -49.0 -57.0 -22.0 690.0 50  
32.0 54.0 50.0 55.0 23.0 65.0 81.0 91.0 19.0 38.0 50.0 62.0 5.0 9.0 20.0 22.0 676.0 50 
23.0 38.0 33.0 14.0 51.0 63.0 58.0 48.0 47.0 63.0 46.0 55.0 35.0 35.0 38.0 25.0 672.0 50 
-21.0 -13.0 9.0 13.0 -18.0 3.0 43.0 70.0 15.0 47.0 71.0 122.0 41.0 85.0 117.0 111.0 695.0 50 
41.0 34.0 8.0 -3.0 92.0 67.0 37.0 3.0 104.0 77.0 29.0 5.0 74.0 55.0 32.0 1.0 656.0 50 
36.0 20.0 -3.0 -4.0 91.0 59.0 10.0 -22.0 127.0 92.0 35.0 4.0 121.0 96.0 45.0 8.0 715.0 50 
76.0 44.0 13.0 -7.0 111.0 83.0 27.0 -29.0 124.0 77.0 24.0 -10.0 73.0 61.0 22.0 -3.0 686.0 50 
68.0 18.0 -28.0 -6.0 135.0 75.0 -26.0 -67.0 198.0 109.0 3.0 -57.0 150.0 95.0 27.0 -9.0 685.0 50 
140.0 108.0 57.0 7.0 142.0 112.0 56.0 -4.0 96.0 45.0 -5.0 -40.0 34.0 1.0 -50.0 -17.0 682.0 50 
113.0 77.0 30.0 -8.0 138.0 98.0 32.0 -37.0 130.0 58.0 4.0 -33.0 61.0 24.0 -21.0 -10.0 656.0 50 
131.0 90.0 35.0 -6.0 157.0 102.0 21.0 -39.0 147.0 64.0 -8.0 -54.0 70.0 21.0 -21.0 -20.0 690.0 50 
156.0 132.0 63.0 6.0 150.0 113.0 42.0 -6.0 100.0 44.0 -6.0 -45.0 24.0 -12.0 -36.0 -11.0 714.0 50 
176.0 134.0 71.0 0.0 150.0 113.0 48.0 -24.0 104.0 37.0 -27.0 -52.0 24.0 -17.0 -42.0 -9.0 686.0 50 
78.0 71.0 45.0 18.0 93.0 98.0 58.0 29.0 79.0 53.0 22.0 7.0 27.0 24.0 -1.0 -8.0 693.0 50 
166.0 116.0 47.0 8.0 148.0 113.0 43.0 -23.0 115.0 41.0 -18.0 -63.0 27.0 -13.0 -39.0 -22.0 646.0 50 
150.0 109.0 63.0 13.0 154.0 111.0 40.0 -21.0 107.0 46.0 -6.0 -46.0 25.0 -24.0 -45.0 -13.0 663.0 50 
169.0 139.0 66.0 18.0 153.0 113.0 43.0 -15.0 106.0 35.0 -15.0 -55.0 17.0 -21.0 -46.0 -14.0 693.0 50 
191.0 147.0 80.0 18.0 146.0 112.0 46.0 -5.0 73.0 15.0 -25.0 -35.0 2.0 -21.0 -33.0 2.0 713.0 50 
181.0 125.0 54.0 12.0 159.0 112.0 29.0 -27.0 132.0 52.0 -23.0 -50.0 36.0 -13.0 -41.0 -7.0 731.0 50 
152.0 150.0 75.0 22.0 123.0 105.0 54.0 6.0 81.0 32.0 -22.0 -52.0 9.0 -17.0 -35.0 -9.0 674.0 50 
213.0 187.0 109.0 45.0 118.0 116.0 51.0 1.0 56.0 -3.0 -49.0 -83.0 -4.0 -32.0 -46.0 -14.0 665.0 50 
292.0 249.0 146.0 57.0 181.0 133.0 38.0 -46.0 34.0 -43.0 -87.0 -96.0 -10.0 -52.0 -72.0 -30.0 694.0 50 
301.0 270.0 173.0 82.0 151.0 120.0 44.0 -35.0 -9.0 -72.0 -95.0 -94.0 -18.0 -49.0 -61.0 -20.0 688.0 50 
392.0 344.0 215.0 84.0 123.0 75.0 -14.0 -47.0 -74.0 -94.0 -91.0 -73.0 -12.0 -27.0 -33.0 -4.0 764.0 50 
83.0 92.0 69.0 39.0 78.0 88.0 76.0 65.0 48.0 25.0 25.0 2.0 -1.0 -1.0 -13.0 -12.0 663.0 50 
22.0 32.0 20.0 17.0 43.0 59.0 59.0 53.0 62.0 68.0 47.0 50.0 36.0 50.0 53.0 24.0 695.0 50 
45.0 57.0 41.0 9.0 69.0 75.0 56.0 34.0 80.0 57.0 27.0 29.0 37.0 38.0 21.0 0.0 675.0 50 
41.0 61.0 51.0 41.0 49.0 68.0 74.0 69.0 37.0 40.0 35.0 34.0 13.0 16.0 15.0 -2.0 642.0 50 
37.0 36.0 22.0 21.0 55.0 61.0 56.0 38.0 72.0 65.0 36.0 25.0 39.0 40.0 28.0 14.0 645.0 50 
45.0 53.0 45.0 33.0 54.0 72.0 71.0 65.0 47.0 45.0 41.0 51.0 8.0 7.0 17.0 8.0 662.0 50 
96.0 102.0 72.0 54.0 84.0 101.0 78.0 52.0 57.0 32.0 11.0 -5.0 -7.0 -15.0 -22.0 -14.0 676.0 50 
107.0 97.0 64.0 53.0 92.0 104.0 66.0 36.0 91.0 46.0 7.0 -33.0 10.0 -6.0 -31.0 -33.0 670.0 50 
44.0 63.0 61.0 29.0 62.0 78.0 76.0 69.0 46.0 48.0 22.0 18.0 12.0 9.0 1.0 -3.0 635.0 50 
229.0 203.0 124.0 45.0 203.0 178.0 104.0 24.0 156.0 90.0 12.0 -36.0 48.0 10.0 -28.0 -14.0 1348.0 100 
81.0 90.0 59.0 31.0 111.0 119.0 105.0 78.0 137.0 129.0 81.0 68.0 90.0 97.0 92.0 42.0 1410.0 100 
155.0 129.0 71.0 19.0 178.0 153.0 92.0 28.0 180.0 124.0 59.0 18.0 98.0 63.0 36.0 -7.0 1396.0 100 
5.0 15.0 42.0 36.0 25.0 58.0 109.0 162.0 64.0 100.0 117.0 195.0 75.0 125.0 163.0 161.0 1452.0 100 
19.0 35.0 47.0 43.0 41.0 86.0 101.0 128.0 90.0 117.0 112.0 145.0 78.0 114.0 134.0 115.0 1405.0 100 
35.0 84.0 99.0 114.0 38.0 100.0 146.0 176.0 46.0 89.0 94.0 141.0 16.0 49.0 86.0 87.0 1400.0 100 
82.0 92.0 82.0 61.0 99.0 139.0 130.0 127.0 93.0 102.0 71.0 88.0 43.0 47.0 43.0 38.0 1337.0 100 
135.0 149.0 124.0 63.0 135.0 159.0 139.0 102.0 105.0 89.0 55.0 48.0 47.0 33.0 15.0 -5.0 1393.0 100 
95.0 84.0 48.0 32.0 136.0 136.0 100.0 53.0 151.0 126.0 68.0 49.0 89.0 85.0 67.0 18.0 1337.0 100 
44.0 88.0 109.0 119.0 64.0 115.0 154.0 197.0 30.0 73.0 98.0 163.0 2.0 22.0 58.0 68.0 1404.0 100 
63.0 106.0 103.0 90.0 66.0 115.0 132.0 152.0 71.0 90.0 75.0 101.0 25.0 52.0 60.0 49.0 1350.0 100 
105.0 140.0 133.0 129.0 80.0 127.0 147.0 168.0 51.0 65.0 65.0 86.0 -6.0 2.0 23.0 15.0 1330.0 100 
54.0 119.0 150.0 160.0 37.0 113.0 158.0 183.0 7.0 59.0 83.0 135.0 -11.0 -9.0 34.0 47.0 1319.0 100 
130.0 161.0 142.0 137.0 108.0 146.0 144.0 151.0 32.0 54.0 48.0 55.0 -21.0 -36.0 -26.0 -10.0 1215.0 100 
58.0 128.0 155.0 140.0 50.0 121.0 175.0 210.0 -1.0 48.0 76.0 160.0 -12.0 -7.0 26.0 50.0 1377.0 100 
92.0 147.0 159.0 164.0 70.0 129.0 152.0 194.0 30.0 58.0 62.0 113.0 -8.0 -1.0 14.0 26.0 1401.0 100 
-6.0 10.0 28.0 36.0 8.0 58.0 96.0 127.0 71.0 109.0 112.0 183.0 73.0 131.0 177.0 171.0 1384.0 100 
-15.0 -13.0 -5.0 12.0 27.0 60.0 73.0 98.0 91.0 125.0 119.0 199.0 124.0 176.0 195.0 185.0 1451.0 100 
21.0 47.0 52.0 52.0 45.0 92.0 114.0 134.0 82.0 117.0 112.0 158.0 60.0 98.0 128.0 120.0 1432.0 100 
6.0 35.0 52.0 47.0 40.0 86.0 114.0 132.0 70.0 100.0 117.0 166.0 65.0 110.0 135.0 128.0 1403.0 100 
63.0 76.0 72.0 62.0 93.0 117.0 119.0 126.0 105.0 107.0 89.0 110.0 65.0 82.0 87.0 63.0 1436.0 100 
75.0 98.0 101.0 70.0 85.0 128.0 128.0 137.0 76.0 102.0 90.0 112.0 41.0 53.0 59.0 45.0 1400.0 100 
36.0 63.0 67.0 67.0 51.0 92.0 117.0 150.0 66.0 99.0 99.0 146.0 51.0 79.0 97.0 92.0 1372.0 100 
50.0 77.0 67.0 52.0 69.0 115.0 115.0 122.0 94.0 109.0 86.0 99.0 62.0 94.0 87.0 65.0 1363.0 100 
31.0 73.0 83.0 92.0 45.0 93.0 132.0 171.0 56.0 94.0 103.0 144.0 31.0 69.0 100.0 88.0 1405.0 100 
41.0 73.0 87.0 100.0 60.0 108.0 140.0 173.0 46.0 88.0 94.0 152.0 23.0 52.0 84.0 86.0 1407.0 100 
-1.0 34.0 53.0 80.0 11.0 67.0 114.0 174.0 51.0 90.0 116.0 183.0 39.0 92.0 132.0 147.0 1382.0 100 
-4.0 47.0 58.0 71.0 20.0 70.0 127.0 177.0 47.0 102.0 108.0 174.0 43.0 96.0 143.0 144.0 1423.0 100 
1.0 35.0 61.0 72.0 3.0 67.0 133.0 200.0 29.0 78.0 112.0 205.0 33.0 90.0 143.0 162.0 1424.0 100 
14.0 44.0 60.0 75.0 28.0 79.0 119.0 160.0 62.0 99.0 112.0 174.0 46.0 92.0 119.0 113.0 1396.0 100 
26.0 70.0 87.0 88.0 52.0 108.0 143.0 186.0 46.0 93.0 101.0 171.0 27.0 57.0 89.0 104.0 1448.0 100 
31.0 61.0 69.0 74.0 54.0 109.0 130.0 144.0 74.0 104.0 99.0 147.0 40.0 75.0 104.0 86.0 1401.0 100 
38.0 73.0 99.0 89.0 51.0 111.0 144.0 173.0 62.0 83.0 87.0 134.0 29.0 51.0 78.0 80.0 1382.0 100 
7.0 19.0 36.0 48.0 29.0 80.0 116.0 150.0 62.0 97.0 112.0 183.0 63.0 107.0 139.0 146.0 1394.0 100 
12.0 14.0 31.0 32.0 38.0 73.0 91.0 126.0 92.0 129.0 104.0 164.0 88.0 130.0 157.0 140.0 1421.0 100 
25.0 59.0 64.0 65.0 40.0 98.0 128.0 152.0 68.0 105.0 103.0 149.0 55.0 77.0 105.0 90.0 1383.0 100 
20.0 50.0 84.0 94.0 29.0 92.0 130.0 175.0 54.0 93.0 107.0 165.0 31.0 82.0 113.0 122.0 1441.0 100 
29.0 71.0 74.0 84.0 55.0 102.0 134.0 154.0 56.0 98.0 102.0 163.0 34.0 55.0 101.0 94.0 1406.0 100 
44.0 59.0 50.0 58.0 62.0 117.0 114.0 113.0 106.0 124.0 86.0 89.0 69.0 85.0 97.0 72.0 1345.0 100 
23.0 49.0 54.0 59.0 32.0 94.0 122.0 162.0 60.0 93.0 97.0 164.0 61.0 101.0 127.0 135.0 1433.0 100 
-3.0 18.0 50.0 70.0 3.0 55.0 117.0 184.0 44.0 102.0 111.0 203.0 51.0 108.0 161.0 178.0 1452.0 100 
10.0 30.0 41.0 66.0 23.0 72.0 107.0 143.0 74.0 105.0 95.0 151.0 42.0 93.0 129.0 130.0 1311.0 100 
37.0 62.0 76.0 65.0 54.0 92.0 115.0 147.0 77.0 106.0 93.0 99.0 46.0 78.0 100.0 86.0 1333.0 100 
38.0 64.0 55.0 41.0 62.0 97.0 114.0 111.0 99.0 113.0 94.0 122.0 74.0 98.0 109.0 92.0 1383.0 100 
14.0 35.0 58.0 72.0 33.0 86.0 121.0 161.0 59.0 96.0 112.0 178.0 39.0 86.0 133.0 126.0 1409.0 100 
11.0 38.0 73.0 69.0 24.0 81.0 121.0 171.0 37.0 92.0 108.0 195.0 37.0 87.0 130.0 143.0 1417.0 100 
14.0 35.0 40.0 23.0 51.0 83.0 105.0 122.0 99.0 113.0 110.0 146.0 91.0 126.0 145.0 119.0 1422.0 100 
27.0 48.0 58.0 42.0 55.0 86.0 118.0 137.0 73.0 101.0 100.0 142.0 69.0 104.0 130.0 100.0 1390.0 100 
47.0 39.0 30.0 4.0 107.0 108.0 90.0 53.0 144.0 123.0 94.0 85.0 129.0 139.0 119.0 74.0 1385.0 100 
-2.0 24.0 44.0 42.0 29.0 73.0 107.0 147.0 85.0 115.0 110.0 188.0 75.0 115.0 147.0 136.0 1435.0 100 
64.0 69.0 37.0 17.0 109.0 122.0 92.0 67.0 144.0 123.0 84.0 66.0 106.0 107.0 104.0 47.0 1358.0 100 
33.0 62.0 46.0 43.0 63.0 99.0 105.0 119.0 87.0 113.0 92.0 120.0 79.0 103.0 110.0 90.0 1364.0 100 
126.0 119.0 85.0 36.0 145.0 154.0 108.0 79.0 133.0 110.0 66.0 52.0 61.0 46.0 27.0 0.0 1347.0 100 
46.0 53.0 30.0 16.0 95.0 113.0 80.0 53.0 145.0 136.0 87.0 79.0 126.0 136.0 115.0 70.0 1380.0 100 
73.0 83.0 60.0 44.0 103.0 125.0 113.0 85.0 129.0 121.0 80.0 80.0 79.0 90.0 78.0 50.0 1393.0 100 
142.0 154.0 121.0 61.0 131.0 147.0 129.0 102.0 105.0 78.0 49.0 38.0 41.0 38.0 23.0 -3.0 1356.0 100 
74.0 75.0 49.0 30.0 99.0 124.0 99.0 81.0 135.0 132.0 86.0 73.0 93.0 97.0 75.0 49.0 1371.0 100 
104.0 129.0 101.0 90.0 107.0 134.0 123.0 105.0 107.0 105.0 69.0 61.0 28.0 41.0 38.0 17.0 1359.0 100 
112.0 145.0 133.0 97.0 99.0 135.0 133.0 139.0 70.0 83.0 59.0 73.0 17.0 20.0 17.0 17.0 1349.0 100 
81.0 86.0 64.0 44.0 102.0 128.0 107.0 86.0 127.0 116.0 77.0 71.0 67.0 82.0 81.0 41.0 1360.0 100 
-11.0 22.0 59.0 99.0 -17.0 37.0 120.0 215.0 9.0 84.0 112.0 220.0 19.0 82.0 155.0 186.0 1391.0 100 
43.0 51.0 39.0 28.0 88.0 109.0 100.0 76.0 122.0 126.0 93.0 105.0 91.0 110.0 114.0 78.0 1373.0 100 
54.0 44.0 16.0 0.0 123.0 109.0 67.0 10.0 176.0 144.0 86.0 66.0 149.0 144.0 116.0 51.0 1355.0 100 
99.0 96.0 60.0 17.0 144.0 144.0 93.0 47.0 146.0 119.0 71.0 60.0 102.0 85.0 59.0 16.0 1358.0 100 
105.0 92.0 44.0 4.0 153.0 131.0 84.0 38.0 174.0 127.0 68.0 28.0 131.0 97.0 63.0 13.0 1352.0 100 
113.0 89.0 57.0 28.0 142.0 144.0 100.0 56.0 160.0 126.0 67.0 56.0 92.0 80.0 63.0 20.0 1393.0 100 
99.0 90.0 45.0 13.0 151.0 137.0 93.0 40.0 169.0 137.0 62.0 44.0 120.0 104.0 64.0 17.0 1385.0 100 
209.0 159.0 90.0 15.0 192.0 161.0 89.0 11.0 179.0 97.0 33.0 -25.0 100.0 51.0 10.0 1.0 1372.0 100 
155.0 109.0 31.0 5.0 202.0 161.0 74.0 -19.0 225.0 139.0 51.0 -15.0 156.0 97.0 32.0 -17.0 1386.0 100 
187.0 176.0 121.0 77.0 169.0 168.0 133.0 74.0 125.0 91.0 44.0 13.0 19.0 0.0 -10.0 -7.0 1380.0 100 
287.0 247.0 155.0 48.0 245.0 194.0 101.0 37.0 139.0 68.0 -4.0 -52.0 26.0 -27.0 -58.0 -21.0 1385.0 100 
-8.0 28.0 54.0 96.0 9.0 62.0 137.0 190.0 31.0 92.0 112.0 190.0 23.0 78.0 147.0 156.0 1397.0 100 
36.0 39.0 35.0 47.0 65.0 112.0 118.0 103.0 99.0 117.0 105.0 126.0 73.0 99.0 111.0 89.0 1374.0 100 
30.0 65.0 62.0 44.0 57.0 96.0 114.0 123.0 90.0 112.0 98.0 127.0 68.0 96.0 107.0 69.0 1358.0 100 
23.0 82.0 122.0 122.0 40.0 98.0 152.0 225.0 4.0 54.0 98.0 186.0 -7.0 22.0 76.0 103.0 1400.0 100 
39.0 64.0 55.0 41.0 63.0 110.0 106.0 99.0 112.0 113.0 85.0 101.0 78.0 94.0 102.0 81.0 1343.0 100 
12.0 40.0 74.0 106.0 11.0 82.0 131.0 207.0 24.0 79.0 107.0 194.0 15.0 66.0 115.0 131.0 1394.0 100 
36.0 57.0 77.0 74.0 52.0 102.0 132.0 151.0 67.0 95.0 99.0 145.0 37.0 65.0 92.0 105.0 1386.0 100 
10.0 42.0 55.0 73.0 17.0 72.0 120.0 156.0 65.0 102.0 106.0 154.0 46.0 100.0 133.0 123.0 1374.0 100 
33.0 46.0 46.0 51.0 69.0 105.0 112.0 106.0 92.0 118.0 98.0 121.0 75.0 103.0 120.0 92.0 1387.0 100 
49.0 57.0 52.0 19.0 100.0 116.0 89.0 97.0 126.0 125.0 85.0 119.0 91.0 102.0 102.0 64.0 1393.0 100 
-5.0 -8.0 -4.0 1.0 43.0 51.0 41.0 28.0 143.0 147.0 107.0 118.0 178.0 207.0 205.0 151.0 1403.0 100 
-1.0 5.0 18.0 36.0 26.0 64.0 83.0 124.0 78.0 119.0 113.0 163.0 88.0 139.0 172.0 169.0 1396.0 100 
26.0 46.0 42.0 29.0 67.0 99.0 96.0 107.0 110.0 118.0 91.0 128.0 86.0 112.0 124.0 86.0 1367.0 100 
78.0 117.0 107.0 76.0 101.0 136.0 137.0 130.0 94.0 99.0 65.0 76.0 37.0 45.0 55.0 34.0 1387.0 100 
12.0 37.0 53.0 47.0 42.0 85.0 116.0 146.0 76.0 109.0 104.0 159.0 57.0 108.0 135.0 132.0 1418.0 100 
12.0 23.0 17.0 13.0 56.0 79.0 85.0 88.0 105.0 133.0 107.0 131.0 115.0 155.0 150.0 118.0 1387.0 100 
-9.0 6.0 3.0 25.0 19.0 54.0 80.0 119.0 88.0 118.0 105.0 147.0 103.0 151.0 180.0 165.0 1354.0 100 
25.0 49.0 49.0 62.0 38.0 100.0 128.0 159.0 65.0 99.0 99.0 161.0 47.0 73.0 113.0 116.0 1383.0 100 
35.0 38.0 32.0 23.0 56.0 90.0 89.0 76.0 133.0 135.0 92.0 80.0 112.0 137.0 134.0 86.0 1348.0 100 
25.0 45.0 53.0 53.0 66.0 99.0 115.0 128.0 86.0 115.0 89.0 149.0 72.0 100.0 122.0 109.0 1426.0 100 
1.0 12.0 21.0 28.0 36.0 77.0 93.0 109.0 99.0 136.0 115.0 158.0 83.0 130.0 161.0 149.0 1408.0 100 
-12.0 11.0 20.0 31.0 13.0 56.0 84.0 120.0 79.0 111.0 113.0 165.0 103.0 155.0 190.0 165.0 1404.0 100 
55.0 85.0 86.0 59.0 90.0 110.0 118.0 132.0 81.0 107.0 81.0 109.0 46.0 67.0 71.0 54.0 1351.0 100 
-1.0 27.0 77.0 97.0 -10.0 65.0 136.0 220.0 -3.0 69.0 116.0 241.0 19.0 68.0 126.0 167.0 1414.0 100 
-29.0 -30.0 -6.0 18.0 -33.0 7.0 65.0 137.0 48.0 99.0 126.0 238.0 97.0 174.0 248.0 269.0 1428.0 100 
-1.0 15.0 33.0 57.0 17.0 72.0 108.0 161.0 54.0 96.0 126.0 199.0 58.0 119.0 159.0 173.0 1446.0 100 
-18.0 -9.0 -5.0 8.0 14.0 43.0 66.0 84.0 101.0 131.0 117.0 168.0 133.0 183.0 218.0 187.0 1421.0 100 
-25.0 -39.0 -11.0 26.0 -48.0 -10.0 56.0 160.0 7.0 86.0 133.0 259.0 51.0 147.0 241.0 310.0 1343.0 100 
9.0 28.0 43.0 53.0 36.0 62.0 111.0 145.0 65.0 99.0 115.0 183.0 58.0 105.0 143.0 145.0 1400.0 100 
19.0 59.0 93.0 105.0 17.0 86.0 132.0 195.0 20.0 73.0 100.0 181.0 17.0 53.0 98.0 106.0 1354.0 100 
35.0 89.0 119.0 121.0 33.0 107.0 149.0 196.0 39.0 88.0 104.0 173.0 13.0 47.0 74.0 51.0 1438.0 100 
62.0 85.0 65.0 49.0 92.0 109.0 108.0 88.0 127.0 124.0 97.0 92.0 65.0 87.0 86.0 28.0 1364.0 100 
100.0 125.0 93.0 58.0 120.0 135.0 121.0 96.0 114.0 101.0 63.0 57.0 49.0 49.0 40.0 16.0 1337.0 100 
163.0 154.0 127.0 70.0 151.0 161.0 117.0 84.0 114.0 92.0 41.0 26.0 27.0 21.0 0.0 -8.0 1340.0 100 
110.0 121.0 101.0 55.0 108.0 128.0 116.0 104.0 116.0 101.0 62.0 59.0 50.0 53.0 49.0 22.0 1355.0 100 
183.0 190.0 147.0 82.0 150.0 161.0 135.0 102.0 100.0 73.0 34.0 11.0 20.0 -1.0 -22.0 -26.0 1339.0 100 
35.0 45.0 27.0 23.0 72.0 102.0 89.0 85.0 130.0 134.0 98.0 112.0 103.0 132.0 134.0 84.0 1405.0 100 
81.0 64.0 37.0 21.0 127.0 127.0 87.0 54.0 152.0 139.0 84.0 58.0 107.0 103.0 92.0 39.0 1372.0 100 
80.0 75.0 30.0 -6.0 136.0 113.0 67.0 31.0 188.0 132.0 65.0 24.0 154.0 127.0 86.0 25.0 1327.0 100 
83.0 79.0 49.0 25.0 125.0 128.0 96.0 59.0 151.0 132.0 79.0 56.0 103.0 99.0 92.0 31.0 1387.0 100 
178.0 147.0 89.0 24.0 181.0 166.0 93.0 36.0 163.0 113.0 33.0 -14.0 89.0 56.0 10.0 -14.0 1350.0 100 
210.0 167.0 95.0 17.0 198.0 170.0 89.0 11.0 183.0 114.0 22.0 -30.0 86.0 38.0 -6.0 -10.0 1354.0 100 
97.0 69.0 37.0 10.0 147.0 129.0 83.0 27.0 183.0 140.0 73.0 44.0 132.0 116.0 78.0 12.0 1377.0 100 
98.0 78.0 38.0 18.0 140.0 139.0 94.0 44.0 158.0 135.0 73.0 54.0 98.0 89.0 72.0 24.0 1352.0 100 
137.0 106.0 56.0 19.0 180.0 157.0 93.0 31.0 193.0 125.0 62.0 12.0 110.0 82.0 39.0 -6.0 1396.0 100 
153.0 111.0 46.0 3.0 184.0 148.0 74.0 8.0 201.0 138.0 48.0 9.0 142.0 90.0 49.0 5.0 1409.0 100 
286.0 180.0 64.0 -14.0 282.0 206.0 69.0 -31.0 258.0 122.0 -16.0 -98.0 120.0 22.0 -60.0 -39.0 1351.0 100 
311.0 210.0 89.0 -13.0 282.0 187.0 51.0 -53.0 240.0 102.0 -11.0 -56.0 101.0 31.0 -32.0 -2.0 1437.0 100 
242.0 140.0 36.0 4.0 222.0 140.0 34.0 -17.0 220.0 96.0 -1.0 0.0 132.0 43.0 -8.0 -7.0 1276.0 100 
326.0 192.0 26.0 -18.0 334.0 200.0 14.0 -78.0 311.0 127.0 -39.0 -89.0 167.0 30.0 -65.0 -24.0 1414.0 100 
422.0 267.0 71.0 -11.0 347.0 206.0 13.0 -82.0 279.0 71.0 -62.0 -67.0 90.0 -22.0 -55.0 -15.0 1452.0 100 
19.0 38.0 34.0 35.0 49.0 90.0 112.0 125.0 94.0 124.0 103.0 148.0 70.0 110.0 138.0 122.0 1411.0 100 
67.0 44.0 7.0 -14.0 136.0 112.0 60.0 8.0 183.0 150.0 75.0 35.0 151.0 138.0 99.0 36.0 1287.0 100 
54.0 88.0 80.0 68.0 78.0 119.0 126.0 123.0 80.0 99.0 79.0 114.0 35.0 63.0 73.0 54.0 1333.0 100 
41.0 74.0 82.0 57.0 73.0 108.0 131.0 143.0 73.0 90.0 89.0 131.0 33.0 63.0 85.0 80.0 1353.0 100 
27.0 39.0 47.0 34.0 64.0 98.0 102.0 107.0 104.0 120.0 102.0 140.0 85.0 104.0 121.0 89.0 1383.0 100 
37.0 72.0 76.0 53.0 49.0 92.0 119.0 137.0 66.0 107.0 92.0 117.0 53.0 82.0 96.0 77.0 1325.0 100 
74.0 92.0 90.0 41.0 104.0 129.0 124.0 115.0 99.0 107.0 81.0 105.0 67.0 63.0 64.0 38.0 1393.0 100 
24.0 92.0 153.0 222.0 43.0 161.0 257.0 377.0 69.0 185.0 206.0 386.0 59.0 163.0 257.0 337.0 2991.0 200 
-17.0 75.0 187.0 337.0 -28.0 118.0 283.0 477.0 -14.0 129.0 214.0 472.0 5.0 118.0 278.0 429.0 3063.0 200 
88.0 121.0 111.0 82.0 133.0 203.0 211.0 204.0 182.0 226.0 192.0 234.0 165.0 219.0 241.0 192.0 2804.0 200 
80.0 144.0 149.0 168.0 129.0 199.0 229.0 263.0 155.0 205.0 178.0 253.0 102.0 156.0 203.0 202.0 2815.0 200 
34.0 103.0 160.0 188.0 67.0 174.0 249.0 334.0 90.0 180.0 201.0 345.0 76.0 162.0 246.0 287.0 2896.0 200 
76.0 110.0 100.0 96.0 141.0 185.0 197.0 197.0 214.0 229.0 185.0 238.0 189.0 246.0 247.0 211.0 2861.0 200 
141.0 118.0 73.0 30.0 219.0 213.0 174.0 115.0 296.0 267.0 172.0 149.0 270.0 250.0 218.0 126.0 2831.0 200 
33.0 82.0 99.0 116.0 99.0 182.0 215.0 267.0 155.0 215.0 199.0 290.0 141.0 230.0 269.0 281.0 2873.0 200 
111.0 106.0 85.0 64.0 170.0 200.0 192.0 157.0 228.0 245.0 179.0 179.0 224.0 248.0 246.0 169.0 2803.0 200 
142.0 142.0 103.0 80.0 175.0 216.0 204.0 170.0 237.0 241.0 173.0 158.0 222.0 225.0 209.0 101.0 2798.0 200 
86.0 115.0 112.0 94.0 141.0 202.0 208.0 205.0 194.0 224.0 184.0 218.0 171.0 225.0 240.0 195.0 2814.0 200 
127.0 117.0 79.0 39.0 208.0 202.0 189.0 134.0 259.0 248.0 171.0 173.0 259.0 252.0 217.0 129.0 2803.0 200 
51.0 30.0 1.0 -6.0 171.0 149.0 114.0 66.0 303.0 269.0 181.0 162.0 366.0 357.0 319.0 203.0 2736.0 200 
58.0 62.0 49.0 41.0 130.0 171.0 167.0 163.0 215.0 243.0 188.0 232.0 244.0 296.0 292.0 246.0 2797.0 200 
13.0 59.0 85.0 117.0 65.0 142.0 198.0 269.0 148.0 210.0 215.0 327.0 162.0 249.0 311.0 320.0 2890.0 200 
-2.0 -10.0 -8.0 15.0 88.0 116.0 125.0 130.0 234.0 266.0 225.0 286.0 312.0 375.0 404.0 373.0 2929.0 200 
60.0 74.0 67.0 52.0 146.0 172.0 189.0 177.0 218.0 240.0 175.0 224.0 224.0 266.0 268.0 222.0 2774.0 200 
-17.0 -2.0 33.0 76.0 30.0 102.0 179.0 254.0 130.0 228.0 232.0 365.0 199.0 310.0 388.0 427.0 2934.0 200 
3.0 24.0 56.0 66.0 64.0 138.0 186.0 244.0 158.0 227.0 220.0 334.0 204.0 299.0 347.0 375.0 2945.0 200 
41.0 74.0 87.0 96.0 99.0 172.0 200.0 232.0 176.0 229.0 193.0 282.0 177.0 240.0 283.0 270.0 2851.0 200 
165.0 208.0 203.0 193.0 174.0 229.0 241.0 267.0 163.0 192.0 173.0 227.0 90.0 115.0 134.0 113.0 2887.0 200 
33.0 111.0 168.0 224.0 62.0 166.0 250.0 360.0 86.0 186.0 198.0 340.0 69.0 166.0 243.0 283.0 2945.0 200 
72.0 94.0 101.0 88.0 128.0 183.0 205.0 221.0 190.0 222.0 190.0 260.0 185.0 233.0 255.0 226.0 2853.0 200 
45.0 99.0 130.0 192.0 73.0 171.0 218.0 285.0 115.0 174.0 172.0 265.0 85.0 153.0 202.0 239.0 2618.0 200 
210.0 216.0 186.0 138.0 220.0 244.0 224.0 197.0 217.0 211.0 145.0 150.0 132.0 129.0 120.0 64.0 2803.0 200 
36.0 77.0 79.0 81.0 92.0 165.0 201.0 230.0 173.0 215.0 203.0 278.0 180.0 246.0 283.0 264.0 2803.0 200 
30.0 70.0 100.0 126.0 78.0 169.0 231.0 311.0 114.0 196.0 202.0 331.0 113.0 190.0 271.0 297.0 2829.0 200 
139.0 156.0 143.0 139.0 180.0 228.0 222.0 223.0 196.0 207.0 160.0 214.0 130.0 163.0 176.0 143.0 2819.0 200 
77.0 108.0 111.0 108.0 133.0 192.0 205.0 223.0 190.0 235.0 188.0 247.0 166.0 217.0 244.0 212.0 2856.0 200 
70.0 110.0 118.0 130.0 124.0 182.0 211.0 232.0 185.0 223.0 192.0 272.0 163.0 216.0 248.0 232.0 2908.0 200 
10.0 46.0 81.0 119.0 50.0 144.0 205.0 259.0 139.0 216.0 202.0 311.0 139.0 245.0 308.0 338.0 2812.0 200 
45.0 98.0 118.0 150.0 75.0 159.0 222.0 280.0 135.0 204.0 198.0 289.0 122.0 206.0 262.0 275.0 2838.0 200 
66.0 127.0 149.0 158.0 104.0 183.0 240.0 297.0 135.0 188.0 196.0 305.0 104.0 168.0 226.0 244.0 2890.0 200 
50.0 67.0 67.0 90.0 125.0 169.0 185.0 192.0 217.0 254.0 192.0 262.0 188.0 264.0 277.0 241.0 2840.0 200 
141.0 102.0 53.0 13.0 219.0 205.0 151.0 82.0 330.0 283.0 168.0 139.0 304.0 296.0 239.0 126.0 2851.0 200 
4.0 2.0 10.0 7.0 53.0 95.0 133.0 145.0 220.0 260.0 201.0 253.0 319.0 390.0 408.0 376.0 2876.0 200 
35.0 71.0 84.0 79.0 123.0 214.0 262.0 298.0 159.0 214.0 202.0 309.0 150.0 206.0 251.0 286.0 2943.0 200 
-16.0 -6.0 5.0 31.0 46.0 109.0 150.0 179.0 201.0 253.0 216.0 283.0 286.0 355.0 399.0 396.0 2887.0 200 
62.0 101.0 106.0 83.0 124.0 180.0 204.0 222.0 185.0 219.0 197.0 249.0 186.0 238.0 252.0 215.0 2823.0 200 
107.0 137.0 128.0 109.0 164.0 220.0 227.0 245.0 182.0 214.0 180.0 242.0 153.0 185.0 190.0 176.0 2859.0 200 
40.0 70.0 77.0 95.0 103.0 167.0 201.0 236.0 183.0 234.0 199.0 282.0 186.0 248.0 293.0 280.0 2894.0 200 
-15.0 18.0 38.0 79.0 50.0 123.0 169.0 242.0 158.0 242.0 235.0 334.0 198.0 309.0 366.0 373.0 2919.0 200 
13.0 44.0 57.0 89.0 55.0 138.0 193.0 253.0 157.0 237.0 219.0 334.0 191.0 298.0 338.0 368.0 2984.0 200 
122.0 141.0 140.0 111.0 160.0 208.0 212.0 220.0 196.0 221.0 177.0 226.0 168.0 198.0 203.0 155.0 2858.0 200 
267.0 213.0 134.0 41.0 275.0 256.0 176.0 100.0 293.0 251.0 136.0 88.0 247.0 192.0 131.0 31.0 2831.0 200 
31.0 77.0 110.0 137.0 74.0 160.0 235.0 283.0 120.0 199.0 213.0 330.0 159.0 230.0 291.0 325.0 2974.0 200 
98.0 112.0 89.0 86.0 157.0 194.0 189.0 192.0 225.0 223.0 182.0 203.0 218.0 236.0 235.0 180.0 2819.0 200 
-17.0 9.0 35.0 68.0 41.0 111.0 175.0 246.0 158.0 229.0 220.0 334.0 199.0 306.0 357.0 392.0 2863.0 200 
290.0 282.0 237.0 152.0 269.0 284.0 239.0 209.0 222.0 187.0 113.0 113.0 105.0 74.0 50.0 10.0 2836.0 200 
179.0 194.0 170.0 150.0 188.0 235.0 219.0 216.0 211.0 213.0 146.0 163.0 129.0 140.0 132.0 94.0 2779.0 200 
354.0 248.0 102.0 4.0 374.0 274.0 137.0 21.0 390.0 260.0 91.0 1.0 317.0 195.0 71.0 -1.0 2838.0 200 
281.0 228.0 124.0 46.0 304.0 271.0 180.0 82.0 333.0 244.0 122.0 55.0 253.0 182.0 102.0 23.0 2830.0 200 
564.0 334.0 71.0 -20.0 522.0 325.0 37.0 -84.0 539.0 252.0 -14.0 -91.0 420.0 161.0 -43.0 -18.0 2955.0 200 
502.0 368.0 192.0 31.0 423.0 312.0 143.0 8.0 375.0 237.0 51.0 -32.0 216.0 89.0 2.0 -8.0 2909.0 200 
53.0 98.0 129.0 146.0 98.0 169.0 216.0 268.0 137.0 227.0 199.0 296.0 139.0 216.0 256.0 256.0 2903.0 200 
92.0 128.0 125.0 113.0 148.0 200.0 213.0 226.0 193.0 224.0 185.0 240.0 160.0 203.0 223.0 179.0 2852.0 200 
67.0 122.0 148.0 199.0 94.0 174.0 229.0 298.0 130.0 200.0 188.0 287.0 98.0 162.0 219.0 219.0 2834.0 200 
38.0 91.0 132.0 162.0 82.0 163.0 220.0 294.0 136.0 211.0 202.0 322.0 120.0 199.0 247.0 264.0 2883.0 200 
177.0 200.0 173.0 157.0 200.0 238.0 238.0 222.0 207.0 208.0 157.0 185.0 127.0 131.0 130.0 80.0 2830.0 200 
151.0 195.0 173.0 151.0 191.0 239.0 257.0 249.0 184.0 199.0 152.0 195.0 115.0 131.0 133.0 109.0 2824.0 200 
86.0 152.0 174.0 180.0 119.0 190.0 234.0 284.0 132.0 181.0 182.0 273.0 103.0 147.0 189.0 183.0 2809.0 200 
350.0 332.0 237.0 150.0 292.0 291.0 231.0 164.0 234.0 191.0 94.0 54.0 97.0 65.0 30.0 -4.0 2808.0 200 
211.0 212.0 161.0 91.0 233.0 242.0 204.0 169.0 239.0 218.0 146.0 144.0 177.0 165.0 132.0 64.0 2808.0 200 
213.0 219.0 192.0 139.0 198.0 233.0 222.0 213.0 203.0 205.0 144.0 172.0 139.0 147.0 133.0 77.0 2849.0 200 
375.0 407.0 366.0 308.0 256.0 284.0 271.0 256.0 142.0 133.0 85.0 93.0 -4.0 -22.0 -15.0 -9.0 2926.0 200 
326.0 384.0 374.0 343.0 208.0 267.0 276.0 295.0 100.0 110.0 93.0 117.0 -3.0 -1.0 -5.0 3.0 2887.0 200 
516.0 557.0 484.0 414.0 295.0 306.0 257.0 226.0 79.0 36.0 -2.0 -15.0 -18.0 -48.0 -51.0 -9.0 3027.0 200 
227.0 246.0 202.0 168.0 228.0 250.0 224.0 218.0 217.0 202.0 139.0 149.0 112.0 104.0 107.0 48.0 2841.0 200 
189.0 210.0 210.0 179.0 183.0 233.0 232.0 252.0 181.0 200.0 145.0 182.0 101.0 112.0 118.0 93.0 2820.0 200 
163.0 202.0 209.0 195.0 165.0 230.0 232.0 266.0 161.0 197.0 163.0 231.0 91.0 123.0 130.0 113.0 2871.0 200 
211.0 229.0 202.0 146.0 215.0 241.0 220.0 210.0 215.0 205.0 143.0 164.0 123.0 126.0 108.0 50.0 2808.0 200 
100.0 193.0 228.0 260.0 94.0 200.0 261.0 354.0 78.0 154.0 171.0 287.0 27.0 83.0 144.0 154.0 2788.0 200 
180.0 219.0 218.0 242.0 167.0 232.0 241.0 260.0 180.0 189.0 158.0 205.0 66.0 101.0 114.0 85.0 2857.0 200 
142.0 225.0 252.0 304.0 123.0 213.0 268.0 348.0 87.0 156.0 153.0 251.0 23.0 62.0 103.0 115.0 2825.0 200 
24.0 113.0 197.0 277.0 42.0 156.0 263.0 410.0 47.0 166.0 208.0 392.0 31.0 114.0 213.0 272.0 2925.0 200 
27.0 110.0 166.0 238.0 39.0 147.0 242.0 347.0 63.0 163.0 189.0 332.0 48.0 135.0 220.0 260.0 2726.0 200 
-28.0 50.0 156.0 294.0 -50.0 94.0 262.0 456.0 -28.0 145.0 235.0 462.0 9.0 156.0 308.0 452.0 2973.0 200 
-19.0 20.0 82.0 164.0 3.0 106.0 210.0 356.0 70.0 190.0 239.0 422.0 98.0 220.0 349.0 440.0 2950.0 200 
-6.0 13.0 122.0 328.0 -43.0 66.0 248.0 479.0 -26.0 116.0 236.0 517.0 3.0 136.0 332.0 539.0 3060.0 200 
16.0 64.0 106.0 131.0 66.0 149.0 213.0 285.0 142.0 215.0 206.0 319.0 143.0 218.0 281.0 283.0 2837.0 200 
49.0 60.0 52.0 55.0 118.0 174.0 168.0 164.0 228.0 253.0 183.0 220.0 237.0 294.0 286.0 242.0 2783.0 200 
26.0 67.0 107.0 144.0 81.0 156.0 211.0 277.0 142.0 210.0 191.0 305.0 140.0 213.0 274.0 277.0 2821.0 200 
74.0 115.0 129.0 141.0 115.0 183.0 215.0 246.0 174.0 210.0 190.0 251.0 142.0 193.0 223.0 201.0 2802.0 200 
111.0 138.0 124.0 105.0 163.0 185.0 196.0 210.0 206.0 220.0 168.0 227.0 174.0 198.0 207.0 160.0 2792.0 200 
74.0 105.0 113.0 85.0 127.0 184.0 214.0 235.0 174.0 224.0 194.0 256.0 177.0 227.0 240.0 194.0 2823.0 200 
24.0 118.0 177.0 266.0 44.0 168.0 273.0 393.0 42.0 158.0 204.0 374.0 31.0 114.0 211.0 280.0 2877.0 200 
168.0 167.0 147.0 123.0 188.0 216.0 200.0 195.0 204.0 203.0 171.0 199.0 154.0 163.0 143.0 97.0 2738.0 200 
419.0 332.0 167.0 29.0 402.0 315.0 159.0 26.0 356.0 228.0 72.0 -20.0 247.0 120.0 22.0 -19.0 2855.0 200 
238.0 204.0 141.0 84.0 267.0 267.0 183.0 121.0 286.0 239.0 126.0 81.0 192.0 167.0 105.0 35.0 2736.0 200 
83.0 133.0 148.0 156.0 110.0 175.0 215.0 274.0 137.0 197.0 187.0 268.0 127.0 181.0 209.0 183.0 2783.0 200 
183.0 188.0 177.0 138.0 218.0 231.0 221.0 217.0 192.0 197.0 158.0 187.0 136.0 131.0 131.0 76.0 2781.0 200 
307.0 317.0 249.0 164.0 301.0 305.0 237.0 175.0 229.0 173.0 95.0 91.0 97.0 46.0 16.0 -19.0 2783.0 200 
90.0 136.0 161.0 154.0 113.0 182.0 217.0 260.0 148.0 178.0 182.0 262.0 125.0 167.0 186.0 158.0 2719.0 200 
346.0 218.0 80.0 -5.0 371.0 269.0 127.0 -3.0 394.0 266.0 103.0 1.0 349.0 214.0 87.0 -7.0 2810.0 200 
394.0 227.0 41.0 -17.0 431.0 299.0 95.0 -74.0 462.0 290.0 70.0 -68.0 376.0 229.0 75.0 -20.0 2810.0 200 
395.0 186.0 -5.0 1.0 447.0 255.0 15.0 -54.0 527.0 295.0 25.0 -75.0 526.0 289.0 64.0 -5.0 2886.0 200 
124.0 128.0 101.0 98.0 177.0 218.0 198.0 171.0 235.0 235.0 171.0 179.0 194.0 208.0 200.0 147.0 2784.0 200 
246.0 229.0 179.0 125.0 245.0 240.0 213.0 162.0 240.0 224.0 136.0 121.0 158.0 132.0 106.0 42.0 2798.0 200 
206.0 234.0 194.0 149.0 212.0 246.0 232.0 224.0 197.0 194.0 132.0 173.0 114.0 109.0 99.0 73.0 2788.0 200 
129.0 162.0 171.0 160.0 138.0 206.0 244.0 273.0 142.0 188.0 162.0 230.0 107.0 136.0 170.0 145.0 2763.0 200 
245.0 203.0 115.0 36.0 263.0 241.0 180.0 110.0 301.0 242.0 135.0 99.0 261.0 196.0 138.0 33.0 2798.0 200 
385.0 287.0 140.0 46.0 361.0 291.0 163.0 33.0 358.0 268.0 100.0 16.0 232.0 140.0 57.0 -9.0 2868.0 200 
196.0 189.0 147.0 90.0 224.0 233.0 205.0 155.0 237.0 234.0 158.0 148.0 165.0 158.0 145.0 79.0 2763.0 200 
222.0 246.0 209.0 137.0 217.0 236.0 222.0 218.0 194.0 193.0 137.0 156.0 135.0 124.0 104.0 60.0 2810.0 200 
-25.0 52.0 132.0 226.0 0.0 120.0 234.0 380.0 51.0 174.0 222.0 417.0 68.0 183.0 290.0 349.0 2873.0 200 
181.0 182.0 149.0 136.0 210.0 224.0 206.0 191.0 233.0 235.0 171.0 183.0 153.0 154.0 134.0 75.0 2817.0 200 
45.0 119.0 162.0 180.0 89.0 165.0 230.0 319.0 117.0 193.0 191.0 306.0 104.0 171.0 231.0 239.0 2861.0 200 
112.0 177.0 185.0 216.0 131.0 210.0 241.0 287.0 143.0 190.0 168.0 243.0 83.0 121.0 147.0 136.0 2790.0 200 
96.0 131.0 114.0 125.0 164.0 195.0 209.0 219.0 198.0 225.0 182.0 233.0 166.0 185.0 206.0 179.0 2827.0 200 
92.0 143.0 171.0 202.0 110.0 185.0 248.0 299.0 121.0 197.0 178.0 278.0 83.0 137.0 190.0 177.0 2811.0 200 
18.0 101.0 155.0 194.0 46.0 147.0 245.0 349.0 73.0 176.0 209.0 372.0 81.0 168.0 263.0 299.0 2896.0 200 
84.0 106.0 113.0 98.0 143.0 195.0 204.0 232.0 177.0 218.0 193.0 250.0 174.0 216.0 231.0 189.0 2823.0 200 
-10.0 38.0 109.0 181.0 56.0 145.0 228.0 325.0 130.0 215.0 242.0 370.0 87.0 201.0 271.0 277.0 2865.0 200 
22.0 39.0 57.0 57.0 85.0 139.0 181.0 224.0 178.0 227.0 216.0 308.0 234.0 294.0 327.0 307.0 2895.0 200 
82.0 159.0 212.0 279.0 107.0 191.0 244.0 331.0 106.0 176.0 189.0 298.0 29.0 104.0 163.0 155.0 2825.0 200 
81.0 154.0 168.0 183.0 112.0 189.0 228.0 280.0 129.0 188.0 179.0 260.0 99.0 148.0 194.0 182.0 2774.0 200 
136.0 231.0 242.0 326.0 127.0 219.0 266.0 340.0 94.0 147.0 160.0 247.0 30.0 60.0 109.0 107.0 2841.0 200 
138.0 136.0 104.0 88.0 181.0 212.0 188.0 165.0 243.0 240.0 161.0 167.0 196.0 198.0 189.0 113.0 2719.0 200 
276.0 271.0 214.0 168.0 235.0 256.0 227.0 184.0 210.0 182.0 124.0 114.0 105.0 89.0 65.0 15.0 2735.0 200 
-26.0 -13.0 16.0 40.0 45.0 104.0 146.0 174.0 170.0 252.0 234.0 322.0 265.0 338.0 397.0 398.0 2862.0 200 
44.0 70.0 62.0 67.0 106.0 165.0 191.0 199.0 190.0 238.0 203.0 260.0 227.0 277.0 304.0 250.0 2853.0 200 
214.0 190.0 120.0 53.0 241.0 247.0 192.0 111.0 271.0 232.0 156.0 119.0 236.0 212.0 146.0 72.0 2812.0 200 
123.0 164.0 138.0 119.0 171.0 210.0 211.0 205.0 192.0 209.0 175.0 210.0 172.0 184.0 191.0 145.0 2819.0 200 
234.0 251.0 203.0 162.0 218.0 249.0 225.0 197.0 208.0 208.0 147.0 135.0 135.0 119.0 108.0 62.0 2861.0 200 
215.0 216.0 158.0 111.0 221.0 245.0 204.0 168.0 243.0 221.0 135.0 128.0 178.0 170.0 137.0 73.0 2823.0 200 
188.0 233.0 217.0 197.0 178.0 254.0 248.0 268.0 150.0 183.0 153.0 210.0 83.0 100.0 112.0 93.0 2867.0 200 
158.0 200.0 204.0 201.0 153.0 215.0 244.0 274.0 151.0 186.0 171.0 220.0 82.0 115.0 143.0 108.0 2825.0 200 
204.0 220.0 184.0 132.0 204.0 239.0 223.0 193.0 217.0 206.0 141.0 152.0 143.0 144.0 135.0 65.0 2802.0 200 
294.0 233.0 137.0 43.0 301.0 264.0 171.0 90.0 315.0 251.0 127.0 72.0 243.0 176.0 99.0 14.0 2830.0 200 
116.0 164.0 155.0 167.0 137.0 205.0 226.0 245.0 165.0 211.0 175.0 213.0 125.0 169.0 179.0 140.0 2792.0 200 
193.0 161.0 98.0 52.0 226.0 225.0 182.0 115.0 282.0 255.0 153.0 125.0 251.0 216.0 174.0 69.0 2777.0 200 
93.0 141.0 155.0 156.0 123.0 195.0 231.0 266.0 152.0 213.0 190.0 259.0 138.0 187.0 211.0 177.0 2887.0 200 
-61.0 -36.0 99.0 306.0 -74.0 24.0 239.0 500.0 -53.0 127.0 268.0 579.0 8.0 167.0 379.0 580.0 3052.0 200 
-29.0 10.0 86.0 179.0 -28.0 94.0 217.0 381.0 38.0 166.0 242.0 449.0 89.0 236.0 364.0 483.0 2977.0 200 
134.0 143.0 104.0 79.0 180.0 211.0 176.0 163.0 262.0 254.0 163.0 163.0 217.0 223.0 191.0 129.0 2792.0 200 
47.0 91.0 92.0 100.0 117.0 164.0 204.0 236.0 177.0 226.0 206.0 292.0 187.0 244.0 279.0 264.0 2926.0 200 
133.0 141.0 102.0 76.0 190.0 207.0 190.0 158.0 255.0 247.0 165.0 171.0 211.0 229.0 206.0 135.0 2816.0 200 
140.0 172.0 177.0 192.0 149.0 226.0 236.0 266.0 154.0 184.0 163.0 238.0 91.0 124.0 145.0 124.0 2781.0 200 
119.0 191.0 211.0 196.0 121.0 203.0 239.0 303.0 117.0 159.0 167.0 251.0 82.0 118.0 163.0 146.0 2786.0 200 
6.0 142.0 280.0 457.0 42.0 219.0 363.0 575.0 69.0 256.0 321.0 593.0 67.0 225.0 385.0 492.0 4492.0 300 
243.0 241.0 165.0 114.0 304.0 337.0 258.0 218.0 388.0 392.0 246.0 244.0 371.0 364.0 311.0 196.0 4392.0 300 
799.0 626.0 376.0 138.0 580.0 482.0 251.0 63.0 474.0 301.0 82.0 -40.0 281.0 101.0 -12.0 -3.0 4499.0 300 
182.0 265.0 300.0 312.0 184.0 298.0 338.0 413.0 207.0 298.0 266.0 360.0 176.0 237.0 261.0 218.0 4315.0 300 
342.0 335.0 249.0 155.0 348.0 356.0 296.0 217.0 358.0 348.0 223.0 197.0 327.0 287.0 218.0 85.0 4341.0 300 
519.0 416.0 239.0 104.0 478.0 408.0 260.0 107.0 464.0 363.0 171.0 78.0 391.0 261.0 124.0 12.0 4395.0 300 
114.0 233.0 270.0 348.0 146.0 277.0 340.0 454.0 179.0 279.0 275.0 436.0 148.0 236.0 310.0 343.0 4388.0 300 
0.0 30.0 79.0 142.0 82.0 198.0 266.0 346.0 224.0 340.0 327.0 501.0 327.0 461.0 536.0 593.0 4452.0 300 
-5.0 38.0 92.0 170.0 74.0 185.0 276.0 411.0 198.0 329.0 336.0 518.0 294.0 435.0 545.0 605.0 4501.0 300 
28.0 132.0 252.0 388.0 48.0 224.0 344.0 536.0 107.0 268.0 321.0 561.0 104.0 256.0 400.0 506.0 4475.0 300 
115.0 155.0 164.0 178.0 191.0 268.0 283.0 317.0 278.0 342.0 291.0 375.0 294.0 357.0 397.0 356.0 4361.0 300 
76.0 143.0 205.0 277.0 129.0 237.0 331.0 446.0 177.0 303.0 321.0 479.0 201.0 302.0 398.0 409.0 4434.0 300 
479.0 455.0 347.0 240.0 392.0 415.0 318.0 245.0 359.0 325.0 191.0 138.0 247.0 184.0 115.0 28.0 4478.0 300 
373.0 393.0 325.0 253.0 335.0 377.0 325.0 288.0 322.0 313.0 204.0 215.0 218.0 195.0 163.0 82.0 4381.0 300 
385.0 445.0 419.0 389.0 300.0 370.0 367.0 360.0 263.0 288.0 212.0 231.0 119.0 125.0 116.0 54.0 4443.0 300 
527.0 424.0 255.0 90.0 490.0 418.0 259.0 127.0 468.0 377.0 167.0 65.0 389.0 270.0 116.0 -1.0 4441.0 300 
346.0 395.0 336.0 352.0 286.0 344.0 320.0 316.0 306.0 347.0 220.0 182.0 180.0 188.0 156.0 82.0 4356.0 300 
572.0 662.0 646.0 624.0 349.0 425.0 400.0 420.0 158.0 169.0 123.0 164.0 -15.0 -36.0 -30.0 -8.0 4623.0 300 
684.0 596.0 420.0 231.0 529.0 450.0 306.0 163.0 403.0 298.0 111.0 15.0 206.0 90.0 2.0 -5.0 4499.0 300 
395.0 403.0 337.0 259.0 358.0 380.0 322.0 282.0 338.0 322.0 213.0 207.0 221.0 182.0 145.0 63.0 4427.0 300 
126.0 180.0 219.0 276.0 163.0 266.0 320.0 399.0 232.0 326.0 300.0 412.0 219.0 301.0 340.0 310.0 4389.0 300 
320.0 304.0 223.0 157.0 318.0 329.0 282.0 229.0 374.0 366.0 228.0 198.0 347.0 296.0 239.0 106.0 4316.0 300 
351.0 400.0 381.0 363.0 306.0 368.0 342.0 356.0 290.0 305.0 224.0 264.0 134.0 136.0 136.0 75.0 4431.0 300 
488.0 491.0 446.0 367.0 349.0 382.0 355.0 333.0 295.0 288.0 180.0 164.0 131.0 107.0 77.0 10.0 4463.0 300 
412.0 391.0 293.0 182.0 377.0 373.0 297.0 225.0 373.0 345.0 200.0 168.0 300.0 221.0 148.0 58.0 4363.0 300 
528.0 523.0 431.0 302.0 368.0 402.0 351.0 292.0 314.0 287.0 163.0 116.0 159.0 100.0 53.0 -2.0 4387.0 300 
266.0 243.0 169.0 122.0 315.0 324.0 277.0 221.0 395.0 402.0 252.0 229.0 362.0 334.0 276.0 167.0 4354.0 300 
384.0 480.0 462.0 460.0 267.0 368.0 391.0 410.0 201.0 244.0 190.0 217.0 53.0 72.0 79.0 60.0 4338.0 300 
850.0 770.0 618.0 442.0 498.0 454.0 344.0 214.0 275.0 189.0 53.0 -14.0 30.0 -30.0 -40.0 -6.0 4647.0 300 
238.0 322.0 341.0 340.0 252.0 323.0 342.0 388.0 253.0 292.0 240.0 346.0 155.0 200.0 204.0 171.0 4407.0 300 
727.0 647.0 451.0 269.0 521.0 455.0 303.0 163.0 381.0 274.0 102.0 16.0 157.0 65.0 -5.0 -10.0 4516.0 300 
96.0 165.0 207.0 251.0 129.0 250.0 334.0 440.0 195.0 313.0 310.0 456.0 218.0 305.0 365.0 348.0 4382.0 300 
293.0 333.0 304.0 290.0 270.0 316.0 324.0 353.0 283.0 307.0 231.0 251.0 227.0 220.0 177.0 118.0 4297.0 300 
325.0 354.0 301.0 275.0 289.0 331.0 314.0 302.0 343.0 335.0 225.0 220.0 229.0 223.0 175.0 91.0 4332.0 300 
360.0 338.0 238.0 113.0 384.0 348.0 260.0 185.0 427.0 373.0 207.0 190.0 348.0 291.0 203.0 77.0 4342.0 300 
411.0 400.0 289.0 208.0 395.0 400.0 319.0 235.0 391.0 337.0 182.0 127.0 267.0 180.0 106.0 23.0 4270.0 300 
520.0 514.0 413.0 278.0 417.0 391.0 311.0 252.0 343.0 307.0 162.0 129.0 184.0 131.0 67.0 0.0 4419.0 300 
282.0 306.0 244.0 193.0 295.0 323.0 291.0 266.0 365.0 354.0 240.0 220.0 317.0 292.0 233.0 125.0 4346.0 300 
171.0 222.0 226.0 234.0 214.0 276.0 287.0 333.0 293.0 339.0 271.0 368.0 265.0 319.0 306.0 255.0 4379.0 300 
639.0 714.0 691.0 627.0 358.0 428.0 399.0 410.0 155.0 152.0 113.0 116.0 -33.0 -60.0 -55.0 -25.0 4629.0 300 
442.0 403.0 316.0 216.0 409.0 430.0 290.0 232.0 362.0 338.0 209.0 161.0 276.0 208.0 124.0 23.0 4439.0 300 
558.0 478.0 316.0 174.0 457.0 443.0 288.0 157.0 421.0 336.0 145.0 62.0 300.0 177.0 87.0 2.0 4401.0 300 
280.0 464.0 567.0 661.0 143.0 349.0 453.0 608.0 43.0 175.0 232.0 412.0 -40.0 8.0 86.0 109.0 4550.0 300 
319.0 321.0 272.0 243.0 328.0 340.0 287.0 297.0 369.0 371.0 240.0 225.0 241.0 238.0 180.0 72.0 4343.0 300 
205.0 255.0 244.0 285.0 241.0 302.0 291.0 334.0 304.0 351.0 267.0 333.0 244.0 261.0 251.0 181.0 4349.0 300 
539.0 546.0 451.0 335.0 388.0 399.0 342.0 303.0 309.0 272.0 157.0 125.0 130.0 75.0 48.0 -11.0 4408.0 300 
263.0 346.0 340.0 374.0 237.0 320.0 331.0 390.0 262.0 315.0 235.0 281.0 165.0 181.0 165.0 121.0 4326.0 300 
341.0 375.0 330.0 275.0 315.0 352.0 308.0 308.0 317.0 335.0 214.0 215.0 232.0 199.0 154.0 71.0 4341.0 300 
711.0 612.0 448.0 285.0 499.0 433.0 317.0 178.0 372.0 296.0 103.0 23.0 158.0 45.0 -12.0 -8.0 4460.0 300 
567.0 545.0 485.0 371.0 383.0 386.0 344.0 291.0 290.0 281.0 173.0 99.0 138.0 76.0 18.0 -4.0 4443.0 300 
758.0 654.0 532.0 343.0 482.0 431.0 330.0 221.0 325.0 258.0 88.0 10.0 120.0 34.0 -28.0 -5.0 4553.0 300 
400.0 420.0 399.0 343.0 323.0 370.0 347.0 349.0 279.0 311.0 212.0 209.0 191.0 149.0 100.0 26.0 4428.0 300 
435.0 404.0 313.0 209.0 398.0 370.0 310.0 232.0 389.0 359.0 188.0 129.0 307.0 204.0 114.0 11.0 4372.0 300 
426.0 345.0 164.0 47.0 449.0 410.0 242.0 94.0 492.0 402.0 180.0 84.0 458.0 316.0 169.0 34.0 4312.0 300 
106.0 152.0 162.0 161.0 171.0 248.0 303.0 333.0 272.0 352.0 302.0 352.0 377.0 408.0 383.0 309.0 4391.0 300 
440.0 451.0 366.0 210.0 369.0 380.0 338.0 276.0 301.0 295.0 199.0 164.0 239.0 179.0 113.0 11.0 4331.0 300 
258.0 349.0 377.0 322.0 222.0 326.0 367.0 427.0 196.0 294.0 256.0 326.0 157.0 192.0 190.0 107.0 4366.0 300 
317.0 307.0 229.0 113.0 314.0 336.0 302.0 218.0 357.0 358.0 251.0 211.0 372.0 317.0 241.0 102.0 4345.0 300 
642.0 597.0 439.0 251.0 473.0 453.0 344.0 236.0 313.0 264.0 132.0 82.0 158.0 62.0 1.0 -4.0 4443.0 300 
810.0 635.0 434.0 238.0 556.0 464.0 267.0 61.0 435.0 310.0 85.0 -43.0 179.0 74.0 -21.0 -15.0 4469.0 300 
484.0 361.0 204.0 63.0 451.0 385.0 240.0 80.0 486.0 389.0 184.0 63.0 451.0 322.0 146.0 0.0 4309.0 300 
637.0 708.0 665.0 551.0 338.0 399.0 406.0 414.0 153.0 172.0 113.0 112.0 -1.0 -47.0 -19.0 -12.0 4589.0 300 
361.0 323.0 229.0 116.0 359.0 358.0 288.0 211.0 394.0 387.0 220.0 176.0 380.0 305.0 206.0 67.0 4380.0 300 
475.0 338.0 156.0 11.0 477.0 371.0 211.0 61.0 535.0 423.0 178.0 50.0 548.0 377.0 186.0 6.0 4403.0 300 
699.0 536.0 345.0 115.0 520.0 414.0 265.0 108.0 435.0 338.0 126.0 19.0 329.0 169.0 43.0 -4.0 4457.0 300 
552.0 460.0 316.0 128.0 474.0 419.0 287.0 155.0 408.0 344.0 163.0 72.0 314.0 184.0 76.0 3.0 4355.0 300 
287.0 305.0 241.0 155.0 291.0 345.0 324.0 290.0 293.0 345.0 244.0 255.0 312.0 284.0 231.0 120.0 4322.0 300 
516.0 496.0 423.0 283.0 382.0 415.0 357.0 281.0 328.0 278.0 175.0 132.0 202.0 132.0 49.0 -7.0 4442.0 300 
464.0 396.0 302.0 155.0 403.0 377.0 289.0 185.0 399.0 339.0 193.0 130.0 338.0 251.0 126.0 15.0 4362.0 300 
144.0 149.0 126.0 84.0 238.0 301.0 299.0 288.0 287.0 347.0 277.0 327.0 363.0 392.0 394.0 331.0 4347.0 300 
159.0 243.0 305.0 371.0 168.0 304.0 412.0 537.0 145.0 272.0 282.0 410.0 123.0 176.0 208.0 272.0 4387.0 300 
60.0 158.0 250.0 336.0 89.0 226.0 349.0 502.0 165.0 287.0 292.0 484.0 156.0 282.0 358.0 397.0 4391.0 300 
130.0 230.0 290.0 343.0 149.0 271.0 367.0 480.0 164.0 275.0 268.0 439.0 142.0 232.0 299.0 346.0 4425.0 300 
92.0 135.0 174.0 193.0 170.0 268.0 301.0 364.0 245.0 336.0 290.0 414.0 268.0 365.0 391.0 388.0 4394.0 300 
30.0 139.0 227.0 350.0 60.0 224.0 381.0 549.0 85.0 257.0 320.0 562.0 122.0 264.0 424.0 539.0 4533.0 300 
397.0 439.0 410.0 413.0 329.0 390.0 374.0 359.0 253.0 263.0 186.0 206.0 107.0 97.0 84.0 46.0 4353.0 300 
35.0 126.0 237.0 310.0 99.0 245.0 347.0 478.0 146.0 279.0 307.0 525.0 139.0 287.0 394.0 488.0 4442.0 300 
244.0 321.0 377.0 450.0 228.0 334.0 372.0 427.0 192.0 267.0 233.0 333.0 93.0 149.0 178.0 182.0 4380.0 300 
90.0 247.0 389.0 571.0 81.0 258.0 405.0 602.0 82.0 209.0 263.0 479.0 22.0 118.0 244.0 383.0 4443.0 300 
55.0 191.0 351.0 567.0 59.0 239.0 417.0 628.0 33.0 208.0 284.0 561.0 8.0 141.0 283.0 449.0 4474.0 300 
219.0 328.0 406.0 465.0 206.0 345.0 402.0 493.0 152.0 246.0 233.0 371.0 61.0 124.0 170.0 216.0 4437.0 300 
35.0 88.0 123.0 211.0 113.0 225.0 297.0 404.0 220.0 315.0 314.0 466.0 273.0 379.0 454.0 511.0 4428.0 300 
10.0 95.0 189.0 355.0 30.0 199.0 356.0 544.0 108.0 268.0 313.0 570.0 135.0 306.0 445.0 557.0 4480.0 300 
100.0 253.0 391.0 526.0 94.0 300.0 450.0 643.0 45.0 201.0 268.0 514.0 -11.0 87.0 218.0 390.0 4469.0 300 
315.0 277.0 209.0 146.0 380.0 389.0 303.0 231.0 398.0 349.0 207.0 181.0 341.0 275.0 191.0 109.0 4301.0 300 
217.0 260.0 263.0 258.0 240.0 323.0 336.0 375.0 233.0 294.0 237.0 325.0 241.0 251.0 252.0 230.0 4335.0 300 
367.0 403.0 378.0 345.0 331.0 394.0 336.0 297.0 295.0 293.0 192.0 201.0 155.0 159.0 130.0 62.0 4338.0 300 
40.0 124.0 210.0 357.0 88.0 233.0 337.0 481.0 151.0 280.0 299.0 513.0 158.0 283.0 399.0 496.0 4449.0 300 
271.0 320.0 327.0 297.0 286.0 366.0 371.0 380.0 247.0 291.0 225.0 292.0 159.0 178.0 180.0 163.0 4353.0 300 
45.0 54.0 69.0 72.0 167.0 233.0 268.0 299.0 296.0 355.0 296.0 397.0 415.0 477.0 496.0 491.0 4430.0 300 
196.0 298.0 353.0 415.0 223.0 342.0 372.0 459.0 198.0 259.0 234.0 367.0 112.0 159.0 193.0 227.0 4407.0 300 
1.0 57.0 143.0 257.0 46.0 197.0 333.0 501.0 137.0 287.0 324.0 543.0 209.0 357.0 478.0 611.0 4481.0 300 
227.0 101.0 -6.0 -8.0 430.0 314.0 121.0 -54.0 609.0 466.0 212.0 74.0 778.0 600.0 398.0 153.0 4415.0 300 
278.0 292.0 269.0 226.0 300.0 340.0 314.0 314.0 303.0 311.0 216.0 269.0 265.0 247.0 212.0 165.0 4321.0 300 
86.0 206.0 307.0 415.0 140.0 291.0 381.0 559.0 103.0 249.0 279.0 509.0 90.0 188.0 278.0 405.0 4486.0 300 
20.0 110.0 225.0 336.0 63.0 211.0 344.0 515.0 110.0 257.0 300.0 528.0 133.0 310.0 423.0 576.0 4461.0 300 
89.0 136.0 147.0 158.0 218.0 303.0 298.0 330.0 302.0 343.0 258.0 343.0 338.0 382.0 363.0 361.0 4369.0 300 
149.0 281.0 377.0 479.0 178.0 322.0 374.0 489.0 158.0 238.0 228.0 406.0 69.0 151.0 213.0 278.0 4390.0 300 
360.0 276.0 142.0 50.0 441.0 395.0 250.0 104.0 485.0 410.0 203.0 114.0 458.0 358.0 219.0 66.0 4331.0 300 
194.0 284.0 346.0 364.0 206.0 316.0 358.0 442.0 184.0 256.0 242.0 374.0 128.0 180.0 220.0 243.0 4337.0 300 
103.0 220.0 326.0 470.0 116.0 272.0 379.0 544.0 119.0 255.0 267.0 467.0 76.0 181.0 271.0 373.0 4439.0 300 
411.0 355.0 227.0 129.0 434.0 425.0 294.0 165.0 435.0 358.0 177.0 94.0 362.0 251.0 134.0 7.0 4258.0 300 
-24.0 32.0 143.0 325.0 8.0 180.0 320.0 550.0 115.0 298.0 347.0 580.0 168.0 347.0 469.0 632.0 4490.0 300 
454.0 374.0 252.0 132.0 444.0 431.0 291.0 159.0 425.0 348.0 167.0 93.0 348.0 233.0 120.0 9.0 4280.0 300 
390.0 404.0 374.0 352.0 335.0 400.0 353.0 343.0 268.0 295.0 198.0 208.0 145.0 143.0 107.0 72.0 4387.0 300 
351.0 366.0 343.0 298.0 323.0 382.0 336.0 324.0 271.0 308.0 209.0 267.0 170.0 146.0 155.0 107.0 4356.0 300 
425.0 306.0 157.0 45.0 472.0 417.0 236.0 98.0 493.0 403.0 187.0 81.0 450.0 325.0 181.0 37.0 4313.0 300 
360.0 310.0 195.0 116.0 409.0 394.0 269.0 179.0 425.0 385.0 209.0 147.0 380.0 299.0 189.0 73.0 4339.0 300 
120.0 194.0 222.0 282.0 164.0 286.0 321.0 419.0 220.0 314.0 271.0 375.0 235.0 282.0 317.0 345.0 4367.0 300 
434.0 314.0 147.0 39.0 474.0 397.0 247.0 90.0 512.0 388.0 175.0 63.0 495.0 339.0 184.0 27.0 4325.0 300 
224.0 208.0 147.0 86.0 309.0 333.0 257.0 214.0 356.0 360.0 244.0 254.0 437.0 406.0 315.0 201.0 4351.0 300 
9.0 50.0 128.0 261.0 64.0 188.0 311.0 469.0 175.0 310.0 331.0 561.0 239.0 355.0 436.0 569.0 4456.0 300 
480.0 353.0 175.0 30.0 493.0 420.0 296.0 110.0 472.0 364.0 179.0 64.0 429.0 293.0 165.0 8.0 4331.0 300 
539.0 208.0 -7.0 -5.0 659.0 365.0 30.0 -74.0 820.0 470.0 87.0 -102.0 921.0 505.0 149.0 -28.0 4537.0 300 
458.0 400.0 298.0 196.0 394.0 412.0 318.0 214.0 370.0 342.0 176.0 107.0 338.0 233.0 106.0 6.0 4368.0 300 
477.0 299.0 105.0 3.0 510.0 402.0 216.0 13.0 561.0 410.0 168.0 -5.0 574.0 394.0 188.0 0.0 4315.0 300 
272.0 329.0 343.0 346.0 267.0 353.0 370.0 422.0 204.0 272.0 217.0 332.0 150.0 168.0 181.0 176.0 4402.0 300 
322.0 379.0 373.0 377.0 278.0 380.0 411.0 437.0 198.0 256.0 219.0 312.0 98.0 102.0 113.0 116.0 4371.0 300 
293.0 228.0 124.0 51.0 351.0 355.0 272.0 171.0 410.0 378.0 240.0 174.0 448.0 387.0 293.0 159.0 4334.0 300 
349.0 336.0 280.0 242.0 338.0 386.0 321.0 283.0 307.0 312.0 197.0 221.0 252.0 220.0 183.0 105.0 4332.0 300 
540.0 461.0 315.0 162.0 443.0 461.0 343.0 212.0 371.0 287.0 166.0 83.0 303.0 165.0 66.0 -17.0 4361.0 300 
446.0 383.0 245.0 127.0 432.0 434.0 303.0 191.0 412.0 342.0 176.0 126.0 353.0 242.0 130.0 35.0 4377.0 300 
-2.0 30.0 56.0 130.0 85.0 174.0 251.0 360.0 225.0 330.0 326.0 490.0 349.0 474.0 571.0 656.0 4505.0 300 
110.0 72.0 28.0 3.0 285.0 292.0 205.0 123.0 441.0 403.0 271.0 249.0 585.0 544.0 435.0 338.0 4384.0 300 
441.0 345.0 204.0 90.0 451.0 446.0 300.0 155.0 444.0 360.0 192.0 102.0 394.0 279.0 152.0 28.0 4383.0 300 
765.0 606.0 400.0 218.0 532.0 526.0 350.0 183.0 347.0 253.0 105.0 -9.0 175.0 60.0 -14.0 -26.0 4471.0 300 
131.0 86.0 24.0 4.0 274.0 311.0 228.0 151.0 419.0 392.0 282.0 268.0 586.0 493.0 454.0 343.0 4446.0 300 
224.0 251.0 242.0 237.0 269.0 349.0 355.0 378.0 272.0 300.0 238.0 291.0 210.0 220.0 225.0 212.0 4273.0 300 
16.0 21.0 13.0 26.0 134.0 197.0 219.0 255.0 303.0 373.0 322.0 397.0 456.0 503.0 589.0 614.0 4438.0 300 
206.0 227.0 201.0 195.0 260.0 393.0 380.0 374.0 234.0 311.0 251.0 307.0 180.0 206.0 252.0 243.0 4220.0 300 
25.0 7.0 -6.0 -1.0 185.0 222.0 192.0 149.0 359.0 401.0 307.0 354.0 570.0 548.0 554.0 538.0 4404.0 300 
299.0 268.0 195.0 134.0 365.0 392.0 289.0 218.0 364.0 333.0 212.0 205.0 374.0 318.0 230.0 120.0 4316.0 300 
311.0 173.0 30.0 -5.0 461.0 389.0 182.0 11.0 560.0 419.0 203.0 74.0 668.0 494.0 310.0 102.0 4382.0 300 
59.0 30.0 0.0 -4.0 205.0 243.0 184.0 145.0 371.0 379.0 302.0 309.0 595.0 585.0 601.0 478.0 4482.0 300 
234.0 254.0 250.0 272.0 258.0 351.0 336.0 346.0 253.0 308.0 253.0 320.0 198.0 220.0 237.0 216.0 4306.0 300 
195.0 174.0 123.0 80.0 310.0 334.0 282.0 242.0 346.0 357.0 256.0 294.0 410.0 374.0 336.0 262.0 4375.0 300 
175.0 151.0 99.0 48.0 274.0 298.0 291.0 220.0 341.0 395.0 298.0 289.0 447.0 426.0 383.0 227.0 4362.0 300 
133.0 96.0 37.0 9.0 294.0 303.0 235.0 152.0 408.0 387.0 272.0 285.0 558.0 479.0 428.0 326.0 4402.0 300 
