236.0 10
272.0 10
270.0 10
272.0 10
318.0 10
252.0 10
234.0 10
268.0 10
352.0 10
296.0 10
296.0 10
220.0 10
252.0 10
282.0 10
262.0 10
284.0 10
280.0 10
264.0 10
202.0 10
216.0 10
296.0 10
290.0 10
332.0 10
218.0 10
286.0 10
210.0 10
286.0 10
218.0 10
242.0 10
284.0 10
294.0 10
300.0 10
318.0 10
246.0 10
246.0 10
286.0 10
260.0 10
250.0 10
206.0 10
252.0 10
310.0 10
212.0 10
266.0 10
206.0 10
242.0 10
210.0 10
362.0 10
254.0 10
294.0 10
284.0 10
282.0 10
288.0 10
386.0 10
272.0 10
202.0 10
290.0 10
294.0 10
238.0 10
272.0 10
254.0 10
266.0 10
350.0 10
220.0 10
394.0 10
272.0 10
240.0 10
356.0 10
264.0 10
294.0 10
292.0 10
300.0 10
266.0 10
260.0 10
336.0 10
348.0 10
256.0 10
322.0 10
304.0 10
308.0 10
358.0 10
264.0 10
284.0 10
284.0 10
298.0 10
282.0 10
266.0 10
282.0 10
292.0 10
252.0 10
278.0 10
304.0 10
270.0 10
260.0 10
278.0 10
246.0 10
314.0 10
322.0 10
286.0 10
336.0 10
268.0 10
262.0 10
264.0 10
282.0 10
296.0 10
296.0 10
270.0 10
322.0 10
290.0 10
284.0 10
324.0 10
266.0 10
264.0 10
260.0 10
262.0 10
266.0 10
308.0 10
338.0 10
278.0 10
252.0 10
330.0 10
252.0 10
468.0 20
540.0 20
494.0 20
514.0 20
538.0 20
608.0 20
478.0 20
496.0 20
540.0 20
522.0 20
616.0 20
534.0 20
588.0 20
534.0 20
528.0 20
466.0 20
588.0 20
548.0 20
552.0 20
566.0 20
552.0 20
526.0 20
580.0 20
562.0 20
600.0 20
516.0 20
482.0 20
504.0 20
492.0 20
638.0 20
546.0 20
522.0 20
572.0 20
510.0 20
468.0 20
494.0 20
538.0 20
536.0 20
526.0 20
550.0 20
530.0 20
544.0 20
496.0 20
558.0 20
564.0 20
484.0 20
592.0 20
584.0 20
498.0 20
506.0 20
508.0 20
596.0 20
586.0 20
620.0 20
488.0 20
538.0 20
596.0 20
500.0 20
554.0 20
548.0 20
628.0 20
600.0 20
566.0 20
412.0 20
548.0 20
512.0 20
502.0 20
464.0 20
556.0 20
520.0 20
544.0 20
562.0 20
466.0 20
474.0 20
588.0 20
512.0 20
496.0 20
586.0 20
532.0 20
524.0 20
508.0 20
598.0 20
544.0 20
580.0 20
502.0 20
558.0 20
574.0 20
556.0 20
530.0 20
582.0 20
544.0 20
542.0 20
546.0 20
658.0 20
492.0 20
530.0 20
522.0 20
538.0 20
524.0 20
606.0 20
516.0 20
644.0 20
560.0 20
598.0 20
546.0 20
526.0 20
526.0 20
606.0 20
578.0 20
504.0 20
554.0 20
516.0 20
600.0 20
540.0 20
552.0 20
638.0 20
572.0 20
556.0 20
526.0 20
530.0 20
554.0 20
540.0 20
518.0 20
576.0 20
506.0 20
552.0 20
1414.0 50
1434.0 50
1408.0 50
1374.0 50
1354.0 50
1358.0 50
1374.0 50
1384.0 50
1386.0 50
1374.0 50
1458.0 50
1268.0 50
1400.0 50
1398.0 50
1450.0 50
1394.0 50
1436.0 50
1346.0 50
1420.0 50
1414.0 50
1380.0 50
1360.0 50
1424.0 50
1316.0 50
1310.0 50
1414.0 50
1390.0 50
1386.0 50
1402.0 50
1102.0 50
1368.0 50
1448.0 50
1394.0 50
1270.0 50
1292.0 50
1338.0 50
1312.0 50
1386.0 50
1378.0 50
1310.0 50
1318.0 50
1338.0 50
1324.0 50
1394.0 50
1416.0 50
1408.0 50
1322.0 50
1294.0 50
1294.0 50
1322.0 50
1306.0 50
1362.0 50
1368.0 50
1370.0 50
1372.0 50
1378.0 50
1328.0 50
1392.0 50
1270.0 50
1412.0 50
1324.0 50
1306.0 50
1374.0 50
1310.0 50
1236.0 50
1274.0 50
1354.0 50
1342.0 50
1304.0 50
1330.0 50
1246.0 50
1370.0 50
1318.0 50
1334.0 50
1416.0 50
1388.0 50
1354.0 50
1330.0 50
1366.0 50
1390.0 50
1362.0 50
1388.0 50
1300.0 50
1318.0 50
1330.0 50
1366.0 50
1236.0 50
1346.0 50
1316.0 50
1360.0 50
1374.0 50
1276.0 50
1316.0 50
1380.0 50
1352.0 50
1344.0 50
1390.0 50
1312.0 50
1430.0 50
1372.0 50
1370.0 50
1364.0 50
1312.0 50
1380.0 50
1428.0 50
1372.0 50
1386.0 50
1292.0 50
1326.0 50
1386.0 50
1426.0 50
1462.0 50
1348.0 50
1330.0 50
1388.0 50
1376.0 50
1528.0 50
1326.0 50
1390.0 50
1350.0 50
1284.0 50
1290.0 50
1324.0 50
1352.0 50
1340.0 50
1270.0 50
2696.0 100
2820.0 100
2792.0 100
2904.0 100
2810.0 100
2800.0 100
2674.0 100
2786.0 100
2674.0 100
2808.0 100
2700.0 100
2660.0 100
2638.0 100
2430.0 100
2754.0 100
2802.0 100
2768.0 100
2902.0 100
2864.0 100
2806.0 100
2872.0 100
2800.0 100
2744.0 100
2726.0 100
2810.0 100
2814.0 100
2764.0 100
2846.0 100
2848.0 100
2792.0 100
2896.0 100
2802.0 100
2764.0 100
2788.0 100
2842.0 100
2766.0 100
2882.0 100
2812.0 100
2690.0 100
2866.0 100
2904.0 100
2622.0 100
2666.0 100
2766.0 100
2818.0 100
2834.0 100
2844.0 100
2780.0 100
2770.0 100
2870.0 100
2716.0 100
2728.0 100
2694.0 100
2760.0 100
2786.0 100
2712.0 100
2742.0 100
2718.0 100
2698.0 100
2720.0 100
2782.0 100
2746.0 100
2710.0 100
2716.0 100
2704.0 100
2786.0 100
2770.0 100
2744.0 100
2772.0 100
2760.0 100
2770.0 100
2794.0 100
2748.0 100
2716.0 100
2800.0 100
2686.0 100
2788.0 100
2772.0 100
2748.0 100
2774.0 100
2786.0 100
2806.0 100
2792.0 100
2734.0 100
2774.0 100
2836.0 100
2774.0 100
2708.0 100
2766.0 100
2696.0 100
2852.0 100
2816.0 100
2808.0 100
2702.0 100
2828.0 100
2856.0 100
2892.0 100
2842.0 100
2686.0 100
2800.0 100
2708.0 100
2876.0 100
2728.0 100
2674.0 100
2680.0 100
2710.0 100
2678.0 100
2810.0 100
2744.0 100
2654.0 100
2774.0 100
2700.0 100
2708.0 100
2754.0 100
2704.0 100
2792.0 100
2818.0 100
2702.0 100
2874.0 100
2552.0 100
2828.0 100
2904.0 100
2822.0 100
2574.0 100
2666.0 100
2706.0 100
2766.0 100
2650.0 100
2786.0 100
5982.0 200
6126.0 200
5608.0 200
5630.0 200
5792.0 200
5722.0 200
5662.0 200
5746.0 200
5606.0 200
5596.0 200
5628.0 200
5606.0 200
5472.0 200
5594.0 200
5780.0 200
5858.0 200
5548.0 200
5868.0 200
5890.0 200
5702.0 200
5774.0 200
5890.0 200
5706.0 200
5236.0 200
5606.0 200
5606.0 200
5658.0 200
5638.0 200
5712.0 200
5816.0 200
5624.0 200
5676.0 200
5780.0 200
5680.0 200
5702.0 200
5752.0 200
5886.0 200
5774.0 200
5646.0 200
5718.0 200
5788.0 200
5838.0 200
5968.0 200
5716.0 200
5662.0 200
5948.0 200
5638.0 200
5726.0 200
5672.0 200
5558.0 200
5676.0 200
5660.0 200
5910.0 200
5818.0 200
5806.0 200
5704.0 200
5668.0 200
5766.0 200
5660.0 200
5648.0 200
5618.0 200
5616.0 200
5616.0 200
5698.0 200
5852.0 200
5774.0 200
6054.0 200
5682.0 200
5640.0 200
5742.0 200
5616.0 200
5576.0 200
5714.0 200
5650.0 200
5850.0 200
5452.0 200
5946.0 200
5900.0 200
6120.0 200
5674.0 200
5566.0 200
5642.0 200
5604.0 200
5584.0 200
5646.0 200
5754.0 200
5476.0 200
5710.0 200
5472.0 200
5566.0 200
5562.0 200
5566.0 200
5438.0 200
5620.0 200
5620.0 200
5772.0 200
5568.0 200
5596.0 200
5576.0 200
5526.0 200
5596.0 200
5736.0 200
5526.0 200
5620.0 200
5746.0 200
5634.0 200
5722.0 200
5580.0 200
5654.0 200
5622.0 200
5792.0 200
5646.0 200
5730.0 200
5790.0 200
5650.0 200
5548.0 200
5682.0 200
5438.0 200
5470.0 200
5724.0 200
5706.0 200
5624.0 200
5638.0 200
5722.0 200
5646.0 200
5734.0 200
5650.0 200
5604.0 200
5660.0 200
5584.0 200
5554.0 200
5774.0 200
6104.0 200
5954.0 200
5584.0 200
5852.0 200
5632.0 200
5562.0 200
5572.0 200
8984.0 300
8784.0 300
8998.0 300
8630.0 300
8682.0 300
8790.0 300
8776.0 300
8904.0 300
9002.0 300
8950.0 300
8722.0 300
8868.0 300
8956.0 300
8762.0 300
8886.0 300
8882.0 300
8712.0 300
9246.0 300
8998.0 300
8854.0 300
8778.0 300
8632.0 300
8862.0 300
8926.0 300
8726.0 300
8774.0 300
8708.0 300
8676.0 300
9294.0 300
8814.0 300
9032.0 300
8764.0 300
8594.0 300
8664.0 300
8684.0 300
8540.0 300
8838.0 300
8692.0 300
8758.0 300
9258.0 300
8878.0 300
8802.0 300
9100.0 300
8686.0 300
8698.0 300
8816.0 300
8652.0 300
8682.0 300
8920.0 300
8886.0 300
9106.0 300
8856.0 300
8744.0 300
8624.0 300
8782.0 300
8662.0 300
8732.0 300
8690.0 300
8886.0 300
8938.0 300
8618.0 300
9178.0 300
8760.0 300
8806.0 300
8914.0 300
8710.0 300
8644.0 300
8884.0 300
8724.0 300
8694.0 300
8774.0 300
8782.0 300
8850.0 300
8788.0 300
9066.0 300
8706.0 300
8884.0 300
8760.0 300
8886.0 300
8948.0 300
8874.0 300
8856.0 300
8960.0 300
8938.0 300
8602.0 300
8670.0 300
8676.0 300
8898.0 300
8706.0 300
8860.0 300
8814.0 300
8962.0 300
8830.0 300
8642.0 300
8972.0 300
8922.0 300
8738.0 300
8780.0 300
8662.0 300
8674.0 300
8878.0 300
8516.0 300
8980.0 300
8560.0 300
8774.0 300
8712.0 300
8626.0 300
8678.0 300
8734.0 300
8650.0 300
8702.0 300
8912.0 300
8662.0 300
9074.0 300
8736.0 300
8630.0 300
8804.0 300
8742.0 300
8668.0 300
8664.0 300
8722.0 300
8754.0 300
9010.0 300
8768.0 300
8766.0 300
8942.0 300
8892.0 300
8546.0 300
8876.0 300
8440.0 300
8808.0 300
8632.0 300
8764.0 300
8964.0 300
8612.0 300
8750.0 300
8724.0 300
8804.0 300
8520.0 300
8498.0 300
8742.0 300
8782.0 300
