-53.0 277.0 42.0 0.0 0.0 0.0 0.0 0.0 0.0 
0.0 0.0 0.0 -53.0 277.0 42.0 0.0 0.0 0.0 
0.0 0.0 0.0 0.0 0.0 0.0 -53.0 277.0 42.0 
-66.0 333.0 59.0 0.0 0.0 0.0 0.0 0.0 0.0 
0.0 0.0 0.0 -66.0 333.0 59.0 0.0 0.0 0.0 
0.0 0.0 0.0 0.0 0.0 0.0 -66.0 333.0 59.0 
38.0 -425.0 -145.0 0.0 0.0 0.0 0.0 0.0 0.0 
0.0 0.0 0.0 38.0 -425.0 -145.0 0.0 0.0 0.0 
0.0 0.0 0.0 0.0 0.0 0.0 38.0 -425.0 -145.0 
18.0 -232.0 -99.0 0.0 0.0 0.0 0.0 0.0 0.0 
0.0 0.0 0.0 18.0 -232.0 -99.0 0.0 0.0 0.0 
0.0 0.0 0.0 0.0 0.0 0.0 18.0 -232.0 -99.0 
34.0 -400.0 -165.0 0.0 0.0 0.0 0.0 0.0 0.0 
0.0 0.0 0.0 34.0 -400.0 -165.0 0.0 0.0 0.0 
0.0 0.0 0.0 0.0 0.0 0.0 34.0 -400.0 -165.0 
-67.0 317.0 52.0 0.0 0.0 0.0 0.0 0.0 0.0 
0.0 0.0 0.0 -67.0 317.0 52.0 0.0 0.0 0.0 
0.0 0.0 0.0 0.0 0.0 0.0 -67.0 317.0 52.0 
45.0 -496.0 -196.0 0.0 0.0 0.0 0.0 0.0 0.0 
0.0 0.0 0.0 45.0 -496.0 -196.0 0.0 0.0 0.0 
0.0 0.0 0.0 0.0 0.0 0.0 45.0 -496.0 -196.0 
53.0 -514.0 -199.0 0.0 0.0 0.0 0.0 0.0 0.0 
0.0 0.0 0.0 53.0 -514.0 -199.0 0.0 0.0 0.0 
0.0 0.0 0.0 0.0 0.0 0.0 53.0 -514.0 -199.0 
-82.0 402.0 51.0 0.0 0.0 0.0 0.0 0.0 0.0 
0.0 0.0 0.0 -82.0 402.0 51.0 0.0 0.0 0.0 
0.0 0.0 0.0 0.0 0.0 0.0 -82.0 402.0 51.0 
-67.0 372.0 64.0 0.0 0.0 0.0 0.0 0.0 0.0 
0.0 0.0 0.0 -67.0 372.0 64.0 0.0 0.0 0.0 
0.0 0.0 0.0 0.0 0.0 0.0 -67.0 372.0 64.0 
-81.0 436.0 86.0 0.0 0.0 0.0 0.0 0.0 0.0 
0.0 0.0 0.0 -81.0 436.0 86.0 0.0 0.0 0.0 
0.0 0.0 0.0 0.0 0.0 0.0 -81.0 436.0 86.0 
-65.0 410.0 86.0 0.0 0.0 0.0 0.0 0.0 0.0 
0.0 0.0 0.0 -65.0 410.0 86.0 0.0 0.0 0.0 
0.0 0.0 0.0 0.0 0.0 0.0 -65.0 410.0 86.0 
-71.0 420.0 85.0 0.0 0.0 0.0 0.0 0.0 0.0 
0.0 0.0 0.0 -71.0 420.0 85.0 0.0 0.0 0.0 
0.0 0.0 0.0 0.0 0.0 0.0 -71.0 420.0 85.0 
-53.0 339.0 53.0 0.0 0.0 0.0 0.0 0.0 0.0 
0.0 0.0 0.0 -53.0 339.0 53.0 0.0 0.0 0.0 
0.0 0.0 0.0 0.0 0.0 0.0 -53.0 339.0 53.0 
-60.0 348.0 73.0 0.0 0.0 0.0 0.0 0.0 0.0 
0.0 0.0 0.0 -60.0 348.0 73.0 0.0 0.0 0.0 
0.0 0.0 0.0 0.0 0.0 0.0 -60.0 348.0 73.0 
37.0 -422.0 -137.0 0.0 0.0 0.0 0.0 0.0 0.0 
0.0 0.0 0.0 37.0 -422.0 -137.0 0.0 0.0 0.0 
0.0 0.0 0.0 0.0 0.0 0.0 37.0 -422.0 -137.0 
34.0 -348.0 -109.0 0.0 0.0 0.0 0.0 0.0 0.0 
0.0 0.0 0.0 34.0 -348.0 -109.0 0.0 0.0 0.0 
0.0 0.0 0.0 0.0 0.0 0.0 34.0 -348.0 -109.0 
31.0 -333.0 -101.0 0.0 0.0 0.0 0.0 0.0 0.0 
0.0 0.0 0.0 31.0 -333.0 -101.0 0.0 0.0 0.0 
0.0 0.0 0.0 0.0 0.0 0.0 31.0 -333.0 -101.0 
36.0 -363.0 -123.0 0.0 0.0 0.0 0.0 0.0 0.0 
0.0 0.0 0.0 36.0 -363.0 -123.0 0.0 0.0 0.0 
0.0 0.0 0.0 0.0 0.0 0.0 36.0 -363.0 -123.0 
32.0 -355.0 -130.0 0.0 0.0 0.0 0.0 0.0 0.0 
0.0 0.0 0.0 32.0 -355.0 -130.0 0.0 0.0 0.0 
0.0 0.0 0.0 0.0 0.0 0.0 32.0 -355.0 -130.0 
32.0 -363.0 -131.0 0.0 0.0 0.0 0.0 0.0 0.0 
0.0 0.0 0.0 32.0 -363.0 -131.0 0.0 0.0 0.0 
0.0 0.0 0.0 0.0 0.0 0.0 32.0 -363.0 -131.0 
