17.0 6.0 14.0 -3.0 16.0 20.0 10.0 6.0 15.0 9.0 10.0 0.0 11.0 10.0 5.0 3.0 149.0 10 
3.0 3.0 10.0 11.0 15.0 10.0 20.0 10.0 5.0 18.0 7.0 14.0 3.0 8.0 2.0 0.0 139.0 10 
-2.0 -6.0 4.0 6.0 5.0 -1.0 10.0 18.0 1.0 7.0 18.0 16.0 7.0 18.0 22.0 14.0 137.0 10 
13.0 1.0 1.0 2.0 20.0 17.0 12.0 5.0 18.0 19.0 0.0 -2.0 6.0 8.0 10.0 -1.0 129.0 10 
-9.0 -14.0 0.0 -8.0 0.0 0.0 -9.0 -1.0 24.0 14.0 13.0 31.0 23.0 27.0 37.0 12.0 140.0 10 
4.0 0.0 5.0 12.0 22.0 16.0 10.0 13.0 14.0 12.0 12.0 15.0 14.0 12.0 -1.0 2.0 162.0 10 
12.0 11.0 9.0 2.0 16.0 17.0 10.0 5.0 24.0 14.0 2.0 -1.0 10.0 13.0 -5.0 2.0 141.0 10 
20.0 22.0 18.0 -2.0 24.0 18.0 17.0 -2.0 15.0 7.0 -3.0 -9.0 14.0 6.0 -1.0 -7.0 137.0 10 
5.0 10.0 5.0 -1.0 13.0 11.0 6.0 4.0 16.0 15.0 12.0 0.0 13.0 0.0 3.0 4.0 116.0 10 
14.0 11.0 -1.0 3.0 21.0 21.0 11.0 1.0 11.0 16.0 13.0 -3.0 10.0 12.0 8.0 -1.0 147.0 10 
-7.0 -1.0 -12.0 -23.0 32.0 9.0 -3.0 -9.0 21.0 28.0 11.0 14.0 22.0 23.0 19.0 -2.0 122.0 10 
1.0 -7.0 7.0 -1.0 5.0 2.0 0.0 14.0 11.0 14.0 8.0 30.0 10.0 12.0 26.0 9.0 141.0 10 
10.0 12.0 9.0 9.0 3.0 6.0 28.0 18.0 0.0 3.0 4.0 12.0 -3.0 -2.0 4.0 6.0 119.0 10 
13.0 4.0 9.0 -7.0 17.0 8.0 5.0 -7.0 24.0 21.0 12.0 1.0 10.0 9.0 11.0 3.0 133.0 10 
2.0 8.0 13.0 6.0 12.0 16.0 10.0 18.0 7.0 6.0 10.0 12.0 4.0 4.0 0.0 4.0 132.0 10 
11.0 5.0 -3.0 2.0 17.0 4.0 5.0 3.0 24.0 15.0 11.0 2.0 8.0 16.0 11.0 0.0 131.0 10 
5.0 9.0 13.0 12.0 15.0 15.0 20.0 21.0 5.0 9.0 10.0 9.0 1.0 1.0 1.0 -7.0 139.0 10 
-2.0 1.0 8.0 -5.0 4.0 5.0 9.0 9.0 18.0 11.0 14.0 18.0 3.0 24.0 16.0 7.0 140.0 10 
6.0 -7.0 -1.0 4.0 0.0 7.0 10.0 17.0 3.0 8.0 14.0 19.0 9.0 6.0 19.0 4.0 118.0 10 
1.0 -4.0 8.0 -5.0 5.0 6.0 10.0 15.0 8.0 20.0 7.0 30.0 13.0 20.0 15.0 10.0 159.0 10 
-13.0 5.0 12.0 6.0 4.0 20.0 18.0 24.0 -4.0 7.0 20.0 21.0 8.0 8.0 15.0 8.0 159.0 10 
11.0 15.0 13.0 13.0 13.0 13.0 20.0 22.0 14.0 5.0 -4.0 7.0 -7.0 -6.0 -6.0 2.0 125.0 10 
2.0 0.0 7.0 -15.0 9.0 1.0 1.0 5.0 11.0 14.0 18.0 19.0 20.0 23.0 27.0 7.0 149.0 10 
9.0 10.0 -10.0 -7.0 15.0 8.0 7.0 -6.0 20.0 20.0 20.0 8.0 19.0 25.0 14.0 9.0 161.0 10 
11.0 -2.0 14.0 -2.0 8.0 11.0 6.0 5.0 25.0 10.0 9.0 2.0 5.0 18.0 10.0 3.0 133.0 10 
2.0 -6.0 -7.0 3.0 9.0 9.0 12.0 4.0 20.0 27.0 7.0 6.0 6.0 19.0 10.0 3.0 124.0 10 
14.0 3.0 0.0 0.0 10.0 18.0 9.0 14.0 4.0 9.0 4.0 8.0 8.0 3.0 8.0 8.0 120.0 10 
3.0 4.0 3.0 -3.0 23.0 14.0 11.0 5.0 24.0 14.0 4.0 4.0 3.0 12.0 2.0 0.0 123.0 10 
7.0 4.0 -1.0 0.0 15.0 4.0 1.0 0.0 27.0 19.0 4.0 26.0 10.0 25.0 11.0 9.0 161.0 10 
-7.0 -11.0 -22.0 -1.0 13.0 6.0 -9.0 -24.0 37.0 28.0 20.0 -7.0 40.0 34.0 23.0 3.0 123.0 10 
0.0 -6.0 9.0 -2.0 12.0 10.0 9.0 0.0 20.0 11.0 14.0 15.0 11.0 28.0 19.0 3.0 153.0 10 
5.0 8.0 4.0 3.0 15.0 10.0 12.0 4.0 9.0 11.0 9.0 -6.0 11.0 7.0 4.0 -4.0 102.0 10 
-2.0 -10.0 -4.0 0.0 2.0 4.0 0.0 -3.0 20.0 18.0 23.0 13.0 14.0 16.0 14.0 10.0 115.0 10 
3.0 7.0 8.0 6.0 9.0 13.0 6.0 -3.0 12.0 13.0 9.0 -3.0 13.0 16.0 18.0 9.0 136.0 10 
-2.0 -4.0 8.0 2.0 6.0 -1.0 12.0 2.0 15.0 12.0 11.0 18.0 12.0 6.0 13.0 12.0 122.0 10 
0.0 -3.0 -2.0 -8.0 0.0 -6.0 3.0 8.0 12.0 10.0 12.0 18.0 18.0 14.0 15.0 11.0 102.0 10 
8.0 5.0 1.0 -6.0 8.0 4.0 6.0 7.0 10.0 20.0 10.0 11.0 12.0 21.0 8.0 7.0 132.0 10 
2.0 -3.0 3.0 -7.0 9.0 6.0 3.0 -4.0 15.0 18.0 12.0 16.0 14.0 24.0 25.0 3.0 136.0 10 
-6.0 -9.0 1.0 -2.0 1.0 2.0 8.0 18.0 2.0 16.0 13.0 28.0 12.0 16.0 22.0 12.0 134.0 10 
-4.0 -3.0 -9.0 7.0 -4.0 0.0 5.0 17.0 3.0 14.0 17.0 24.0 10.0 16.0 22.0 8.0 123.0 10 
2.0 -1.0 7.0 9.0 -1.0 10.0 18.0 27.0 5.0 9.0 10.0 18.0 6.0 0.0 11.0 8.0 138.0 10 
8.0 3.0 0.0 22.0 3.0 9.0 9.0 23.0 14.0 18.0 4.0 9.0 -4.0 3.0 11.0 2.0 134.0 10 
6.0 3.0 13.0 5.0 8.0 10.0 9.0 13.0 17.0 13.0 13.0 19.0 9.0 6.0 5.0 8.0 157.0 10 
8.0 3.0 2.0 -4.0 1.0 -2.0 3.0 5.0 11.0 14.0 14.0 8.0 10.0 9.0 18.0 9.0 109.0 10 
0.0 -2.0 -4.0 0.0 11.0 17.0 11.0 -8.0 24.0 30.0 13.0 4.0 19.0 17.0 20.0 9.0 161.0 10 
1.0 -2.0 1.0 -9.0 10.0 3.0 2.0 -2.0 18.0 19.0 13.0 16.0 18.0 23.0 13.0 6.0 130.0 10 
3.0 1.0 0.0 0.0 8.0 10.0 4.0 11.0 12.0 20.0 7.0 10.0 11.0 17.0 14.0 5.0 133.0 10 
-12.0 -5.0 5.0 4.0 7.0 0.0 13.0 13.0 6.0 11.0 13.0 12.0 12.0 15.0 11.0 8.0 113.0 10 
1.0 10.0 10.0 2.0 1.0 0.0 20.0 25.0 -8.0 1.0 12.0 31.0 -1.0 8.0 8.0 12.0 132.0 10 
11.0 12.0 12.0 6.0 6.0 13.0 12.0 18.0 11.0 12.0 14.0 14.0 1.0 7.0 6.0 1.0 156.0 10 
5.0 3.0 8.0 1.0 5.0 13.0 20.0 10.0 12.0 5.0 13.0 17.0 9.0 15.0 9.0 3.0 148.0 10 
-1.0 15.0 10.0 11.0 14.0 6.0 7.0 11.0 3.0 16.0 9.0 3.0 5.0 6.0 1.0 -2.0 114.0 10 
7.0 13.0 10.0 14.0 15.0 14.0 17.0 17.0 4.0 2.0 6.0 3.0 -6.0 -10.0 -6.0 -2.0 98.0 10 
8.0 17.0 8.0 -2.0 21.0 15.0 21.0 18.0 11.0 13.0 3.0 5.0 -3.0 1.0 2.0 -3.0 135.0 10 
8.0 9.0 7.0 8.0 5.0 11.0 9.0 15.0 12.0 9.0 14.0 18.0 1.0 9.0 2.0 1.0 138.0 10 
7.0 12.0 8.0 -2.0 6.0 8.0 10.0 10.0 6.0 7.0 6.0 -4.0 10.0 19.0 3.0 -6.0 100.0 10 
9.0 14.0 4.0 5.0 9.0 8.0 7.0 12.0 13.0 15.0 2.0 9.0 8.0 16.0 13.0 6.0 150.0 10 
11.0 14.0 12.0 6.0 16.0 11.0 14.0 10.0 8.0 11.0 7.0 2.0 -1.0 3.0 3.0 3.0 130.0 10 
-2.0 0.0 -6.0 -6.0 17.0 9.0 3.0 7.0 19.0 14.0 10.0 20.0 21.0 16.0 8.0 6.0 136.0 10 
5.0 4.0 4.0 6.0 17.0 11.0 7.0 8.0 22.0 14.0 2.0 0.0 10.0 14.0 13.0 7.0 144.0 10 
10.0 6.0 -4.0 -7.0 11.0 12.0 3.0 -1.0 12.0 17.0 9.0 5.0 8.0 15.0 6.0 -5.0 97.0 10 
3.0 2.0 4.0 5.0 19.0 16.0 8.0 12.0 11.0 15.0 11.0 4.0 3.0 11.0 2.0 8.0 134.0 10 
4.0 4.0 4.0 1.0 8.0 2.0 9.0 6.0 12.0 13.0 9.0 13.0 5.0 5.0 5.0 1.0 101.0 10 
1.0 9.0 -4.0 4.0 10.0 5.0 5.0 3.0 23.0 9.0 13.0 7.0 2.0 22.0 11.0 16.0 136.0 10 
5.0 20.0 10.0 6.0 14.0 11.0 14.0 20.0 6.0 6.0 6.0 -1.0 3.0 0.0 1.0 8.0 129.0 10 
7.0 17.0 -6.0 2.0 29.0 20.0 5.0 -4.0 31.0 18.0 -3.0 -3.0 8.0 6.0 -6.0 0.0 121.0 10 
14.0 1.0 3.0 5.0 22.0 12.0 -3.0 -12.0 21.0 20.0 12.0 -2.0 22.0 12.0 9.0 1.0 137.0 10 
23.0 22.0 2.0 4.0 28.0 19.0 13.0 -2.0 17.0 11.0 0.0 -9.0 -5.0 -4.0 -7.0 -5.0 107.0 10 
8.0 8.0 -11.0 -11.0 22.0 17.0 -2.0 -17.0 40.0 25.0 -2.0 -18.0 28.0 16.0 6.0 1.0 110.0 10 
1.0 3.0 10.0 -4.0 11.0 7.0 3.0 -1.0 23.0 15.0 9.0 10.0 21.0 23.0 21.0 7.0 159.0 10 
19.0 2.0 4.0 3.0 39.0 24.0 3.0 -7.0 24.0 16.0 3.0 -4.0 13.0 5.0 -7.0 1.0 138.0 10 
15.0 3.0 7.0 6.0 23.0 21.0 9.0 -8.0 28.0 18.0 4.0 -3.0 9.0 9.0 -5.0 -1.0 135.0 10 
-7.0 -2.0 1.0 -3.0 16.0 3.0 -1.0 -7.0 19.0 18.0 14.0 11.0 22.0 24.0 18.0 2.0 128.0 10 
17.0 9.0 -3.0 -2.0 24.0 4.0 -1.0 -10.0 21.0 12.0 14.0 0.0 16.0 24.0 0.0 -2.0 123.0 10 
4.0 1.0 -3.0 -1.0 17.0 11.0 7.0 2.0 21.0 16.0 9.0 2.0 9.0 9.0 7.0 2.0 113.0 10 
7.0 -4.0 -2.0 -5.0 17.0 14.0 1.0 -10.0 23.0 21.0 4.0 -1.0 26.0 16.0 14.0 9.0 130.0 10 
18.0 24.0 16.0 22.0 12.0 19.0 17.0 13.0 4.0 7.0 5.0 6.0 -11.0 -5.0 -9.0 -11.0 127.0 10 
19.0 23.0 15.0 17.0 15.0 18.0 20.0 22.0 8.0 5.0 5.0 6.0 -6.0 -4.0 2.0 4.0 169.0 10 
6.0 9.0 2.0 2.0 9.0 14.0 6.0 11.0 9.0 14.0 15.0 21.0 4.0 6.0 10.0 8.0 146.0 10 
9.0 4.0 4.0 2.0 3.0 -3.0 9.0 11.0 14.0 6.0 15.0 2.0 1.0 9.0 10.0 3.0 99.0 10 
22.0 23.0 25.0 17.0 19.0 15.0 19.0 12.0 6.0 8.0 2.0 8.0 1.0 -8.0 -15.0 -7.0 147.0 10 
6.0 13.0 5.0 8.0 1.0 3.0 20.0 28.0 4.0 -1.0 7.0 14.0 10.0 0.0 8.0 0.0 126.0 10 
17.0 13.0 8.0 -1.0 19.0 15.0 10.0 5.0 17.0 11.0 -1.0 1.0 5.0 10.0 8.0 0.0 137.0 10 
16.0 13.0 8.0 0.0 19.0 19.0 14.0 5.0 22.0 3.0 7.0 -7.0 -1.0 -6.0 -3.0 -7.0 102.0 10 
8.0 18.0 18.0 15.0 16.0 13.0 14.0 -1.0 8.0 14.0 9.0 -1.0 -7.0 2.0 -1.0 -5.0 120.0 10 
18.0 12.0 0.0 6.0 26.0 14.0 11.0 -3.0 11.0 16.0 5.0 0.0 7.0 6.0 4.0 3.0 136.0 10 
5.0 8.0 14.0 0.0 -4.0 17.0 9.0 0.0 19.0 12.0 4.0 -6.0 10.0 12.0 -4.0 0.0 96.0 10 
13.0 11.0 5.0 10.0 22.0 13.0 15.0 14.0 12.0 4.0 2.0 -2.0 3.0 8.0 5.0 -1.0 134.0 10 
5.0 13.0 16.0 5.0 18.0 15.0 12.0 8.0 17.0 8.0 11.0 5.0 8.0 -2.0 1.0 1.0 141.0 10 
10.0 6.0 0.0 1.0 30.0 23.0 5.0 -3.0 20.0 18.0 9.0 -3.0 4.0 9.0 0.0 -1.0 128.0 10 
19.0 20.0 11.0 4.0 14.0 26.0 13.0 5.0 18.0 21.0 0.0 -17.0 3.0 1.0 -1.0 2.0 139.0 10 
7.0 17.0 20.0 0.0 16.0 17.0 18.0 6.0 11.0 6.0 3.0 -4.0 13.0 -3.0 0.0 -7.0 120.0 10 
8.0 5.0 -3.0 5.0 18.0 6.0 10.0 -2.0 19.0 21.0 1.0 5.0 15.0 9.0 6.0 4.0 127.0 10 
14.0 14.0 5.0 7.0 28.0 19.0 5.0 -7.0 30.0 11.0 3.0 -11.0 5.0 -1.0 -9.0 -5.0 108.0 10 
15.0 19.0 7.0 2.0 21.0 12.0 17.0 -6.0 27.0 18.0 5.0 -6.0 -1.0 1.0 -1.0 -7.0 123.0 10 
4.0 -2.0 -5.0 2.0 10.0 11.0 0.0 -9.0 20.0 22.0 8.0 0.0 17.0 20.0 7.0 11.0 116.0 10 
7.0 0.0 2.0 -2.0 18.0 14.0 7.0 -4.0 26.0 19.0 10.0 8.0 8.0 16.0 15.0 4.0 148.0 10 
12.0 13.0 6.0 7.0 26.0 18.0 19.0 9.0 15.0 7.0 -2.0 -7.0 -1.0 -2.0 -14.0 -3.0 103.0 10 
16.0 25.0 14.0 9.0 19.0 17.0 22.0 8.0 10.0 3.0 2.0 -13.0 6.0 -10.0 -11.0 -3.0 114.0 10 
22.0 24.0 23.0 13.0 26.0 12.0 12.0 10.0 11.0 13.0 -12.0 -15.0 9.0 -7.0 -11.0 -2.0 128.0 10 
13.0 5.0 5.0 2.0 24.0 19.0 17.0 11.0 11.0 6.0 9.0 3.0 11.0 2.0 4.0 -3.0 139.0 10 
19.0 9.0 2.0 10.0 26.0 17.0 4.0 0.0 32.0 12.0 9.0 2.0 6.0 7.0 -1.0 -5.0 149.0 10 
32.0 36.0 26.0 10.0 33.0 22.0 10.0 5.0 13.0 -2.0 -11.0 -30.0 -3.0 -11.0 -10.0 -6.0 114.0 10 
14.0 25.0 18.0 3.0 24.0 18.0 17.0 3.0 9.0 3.0 -3.0 -18.0 3.0 -2.0 -16.0 -12.0 86.0 10 
10.0 14.0 3.0 4.0 29.0 9.0 2.0 -9.0 28.0 22.0 2.0 -9.0 21.0 19.0 4.0 -7.0 142.0 10 
-2.0 11.0 -2.0 4.0 12.0 7.0 7.0 -1.0 11.0 10.0 20.0 5.0 10.0 14.0 6.0 10.0 122.0 10 
20.0 25.0 18.0 -8.0 21.0 12.0 21.0 6.0 16.0 10.0 6.0 -8.0 13.0 7.0 1.0 -6.0 154.0 10 
13.0 17.0 3.0 7.0 19.0 24.0 14.0 0.0 21.0 14.0 4.0 -11.0 5.0 6.0 -4.0 -5.0 127.0 10 
7.0 -3.0 -5.0 -4.0 25.0 14.0 4.0 -5.0 18.0 18.0 8.0 3.0 11.0 19.0 11.0 10.0 131.0 10 
-2.0 -2.0 0.0 4.0 -3.0 8.0 6.0 12.0 18.0 7.0 19.0 24.0 9.0 22.0 18.0 8.0 148.0 10 
15.0 7.0 -1.0 -6.0 21.0 14.0 12.0 -6.0 18.0 16.0 6.0 1.0 12.0 16.0 -1.0 0.0 124.0 10 
7.0 3.0 -5.0 -7.0 17.0 10.0 2.0 -2.0 24.0 25.0 11.0 9.0 14.0 19.0 12.0 1.0 140.0 10 
12.0 12.0 7.0 9.0 20.0 9.0 19.0 8.0 7.0 10.0 6.0 11.0 5.0 -4.0 -11.0 -2.0 118.0 10 
10.0 14.0 12.0 8.0 15.0 17.0 12.0 17.0 4.0 2.0 3.0 -6.0 -5.0 2.0 -1.0 -8.0 96.0 10 
4.0 -1.0 2.0 1.0 14.0 11.0 5.0 -1.0 22.0 17.0 12.0 9.0 6.0 15.0 7.0 1.0 124.0 10 
14.0 5.0 9.0 6.0 19.0 21.0 15.0 8.0 10.0 13.0 4.0 0.0 -1.0 -5.0 -1.0 3.0 120.0 10 
1.0 9.0 -2.0 -5.0 17.0 16.0 17.0 2.0 14.0 17.0 11.0 18.0 15.0 1.0 4.0 3.0 138.0 10 
5.0 16.0 14.0 -3.0 11.0 3.0 14.0 14.0 6.0 5.0 6.0 8.0 -1.0 -1.0 6.0 -5.0 98.0 10 
5.0 0.0 -2.0 3.0 23.0 10.0 8.0 -3.0 26.0 24.0 7.0 13.0 13.0 4.0 17.0 7.0 155.0 10 
5.0 14.0 4.0 13.0 19.0 21.0 13.0 9.0 15.0 3.0 5.0 10.0 5.0 -2.0 1.0 -1.0 134.0 10 
2.0 -2.0 -1.0 6.0 19.0 6.0 1.0 -2.0 22.0 16.0 8.0 10.0 18.0 18.0 17.0 4.0 142.0 10 
4.0 0.0 2.0 -8.0 8.0 11.0 7.0 -5.0 13.0 15.0 5.0 5.0 7.0 11.0 9.0 3.0 87.0 10 
9.0 17.0 1.0 8.0 23.0 19.0 0.0 -4.0 30.0 15.0 2.0 -12.0 -2.0 -6.0 -7.0 -4.0 89.0 10 
5.0 7.0 3.0 -9.0 16.0 7.0 2.0 2.0 16.0 14.0 8.0 -1.0 11.0 9.0 18.0 5.0 113.0 10 
-2.0 -6.0 -8.0 -14.0 18.0 0.0 -5.0 0.0 20.0 23.0 18.0 8.0 25.0 15.0 16.0 6.0 114.0 10 
8.0 -3.0 11.0 5.0 16.0 7.0 13.0 6.0 19.0 7.0 9.0 14.0 5.0 5.0 9.0 -1.0 130.0 10 
1.0 0.0 5.0 -5.0 4.0 7.0 7.0 -4.0 16.0 27.0 11.0 23.0 14.0 14.0 15.0 13.0 148.0 10 
7.0 7.0 9.0 6.0 3.0 14.0 15.0 19.0 2.0 5.0 14.0 21.0 4.0 8.0 8.0 7.0 149.0 10 
-6.0 -3.0 0.0 -3.0 6.0 2.0 -1.0 8.0 17.0 20.0 12.0 17.0 20.0 23.0 16.0 12.0 140.0 10 
3.0 -3.0 2.0 -2.0 11.0 8.0 2.0 0.0 16.0 12.0 12.0 6.0 16.0 10.0 22.0 7.0 122.0 10 
1.0 -1.0 6.0 -2.0 0.0 1.0 9.0 10.0 12.0 6.0 8.0 23.0 4.0 16.0 12.0 4.0 109.0 10 
14.0 5.0 11.0 2.0 12.0 5.0 14.0 7.0 16.0 13.0 9.0 1.0 7.0 10.0 -1.0 2.0 127.0 10 
-5.0 -9.0 0.0 -10.0 11.0 0.0 -17.0 3.0 14.0 24.0 14.0 7.0 13.0 27.0 18.0 10.0 100.0 10 
8.0 1.0 4.0 -7.0 7.0 3.0 13.0 13.0 15.0 20.0 10.0 14.0 6.0 10.0 16.0 6.0 139.0 10 
17.0 17.0 0.0 1.0 22.0 17.0 0.0 -4.0 27.0 20.0 8.0 -11.0 8.0 -1.0 -3.0 4.0 122.0 10 
-2.0 1.0 9.0 -1.0 3.0 8.0 12.0 12.0 4.0 4.0 12.0 17.0 5.0 14.0 12.0 4.0 114.0 10 
7.0 16.0 6.0 12.0 7.0 13.0 13.0 13.0 4.0 5.0 9.0 3.0 6.0 5.0 -5.0 1.0 115.0 10 
6.0 7.0 4.0 2.0 3.0 12.0 -8.0 -1.0 24.0 14.0 14.0 17.0 16.0 23.0 12.0 5.0 150.0 10 
11.0 -2.0 -3.0 3.0 39.0 17.0 -7.0 -19.0 41.0 29.0 4.0 9.0 17.0 3.0 -3.0 2.0 141.0 10 
-11.0 -4.0 -9.0 -12.0 4.0 2.0 -9.0 -4.0 19.0 24.0 24.0 17.0 22.0 34.0 22.0 9.0 128.0 10 
0.0 1.0 0.0 3.0 16.0 10.0 1.0 3.0 17.0 18.0 15.0 11.0 16.0 18.0 19.0 8.0 156.0 10 
10.0 14.0 9.0 7.0 8.0 13.0 19.0 16.0 6.0 5.0 -2.0 -2.0 5.0 4.0 2.0 4.0 118.0 10 
0.0 15.0 18.0 16.0 -7.0 11.0 35.0 50.0 -4.0 5.0 17.0 38.0 1.0 15.0 27.0 19.0 256.0 20 
37.0 36.0 24.0 15.0 44.0 38.0 17.0 9.0 33.0 28.0 4.0 -22.0 6.0 -2.0 -16.0 -3.0 248.0 20 
3.0 2.0 2.0 2.0 15.0 7.0 10.0 6.0 25.0 21.0 21.0 23.0 27.0 30.0 27.0 15.0 236.0 20 
21.0 17.0 0.0 -6.0 42.0 24.0 11.0 -11.0 44.0 34.0 20.0 3.0 28.0 26.0 11.0 12.0 276.0 20 
7.0 4.0 3.0 0.0 21.0 22.0 14.0 12.0 35.0 28.0 26.0 21.0 21.0 29.0 28.0 11.0 282.0 20 
16.0 25.0 10.0 13.0 22.0 19.0 30.0 11.0 38.0 20.0 7.0 3.0 13.0 10.0 -2.0 6.0 241.0 20 
5.0 7.0 2.0 -11.0 21.0 13.0 21.0 7.0 27.0 32.0 26.0 22.0 28.0 32.0 31.0 16.0 279.0 20 
11.0 12.0 4.0 8.0 21.0 22.0 18.0 9.0 28.0 24.0 16.0 10.0 18.0 22.0 17.0 0.0 240.0 20 
21.0 25.0 8.0 7.0 36.0 19.0 16.0 -5.0 35.0 20.0 7.0 2.0 14.0 13.0 7.0 6.0 231.0 20 
32.0 38.0 8.0 9.0 46.0 31.0 15.0 5.0 41.0 21.0 6.0 -23.0 4.0 -2.0 -8.0 -6.0 217.0 20 
47.0 49.0 14.0 4.0 72.0 34.0 11.0 -17.0 59.0 21.0 -2.0 -22.0 6.0 0.0 -19.0 -5.0 252.0 20 
1.0 3.0 2.0 1.0 14.0 9.0 7.0 14.0 24.0 31.0 11.0 13.0 20.0 32.0 23.0 3.0 208.0 20 
47.0 29.0 18.0 6.0 39.0 27.0 20.0 4.0 29.0 18.0 6.0 -20.0 3.0 -4.0 0.0 -1.0 221.0 20 
37.0 30.0 21.0 22.0 47.0 40.0 26.0 10.0 39.0 17.0 -3.0 -19.0 2.0 -6.0 -11.0 -7.0 245.0 20 
11.0 25.0 12.0 16.0 18.0 19.0 26.0 18.0 21.0 25.0 13.0 1.0 6.0 9.0 3.0 0.0 223.0 20 
27.0 33.0 26.0 3.0 44.0 29.0 27.0 5.0 38.0 19.0 -4.0 -9.0 21.0 7.0 -3.0 -5.0 258.0 20 
17.0 19.0 19.0 14.0 31.0 17.0 28.0 22.0 16.0 21.0 10.0 20.0 6.0 7.0 5.0 -9.0 243.0 20 
35.0 45.0 19.0 8.0 44.0 38.0 25.0 1.0 43.0 23.0 -3.0 -8.0 13.0 6.0 -4.0 -8.0 277.0 20 
28.0 16.0 2.0 -3.0 57.0 26.0 6.0 -30.0 57.0 38.0 1.0 -24.0 31.0 29.0 9.0 -8.0 235.0 20 
53.0 54.0 37.0 33.0 56.0 38.0 37.0 24.0 18.0 1.0 -3.0 -20.0 -11.0 -29.0 -28.0 -14.0 246.0 20 
32.0 35.0 24.0 17.0 57.0 31.0 24.0 10.0 25.0 16.0 0.0 2.0 1.0 -13.0 -12.0 -12.0 237.0 20 
13.0 3.0 12.0 -5.0 21.0 18.0 17.0 17.0 26.0 23.0 22.0 24.0 17.0 29.0 20.0 9.0 266.0 20 
22.0 24.0 10.0 -2.0 49.0 19.0 11.0 -9.0 25.0 34.0 24.0 -11.0 23.0 11.0 3.0 5.0 238.0 20 
7.0 6.0 11.0 27.0 14.0 19.0 33.0 33.0 16.0 13.0 19.0 36.0 0.0 0.0 14.0 2.0 250.0 20 
23.0 21.0 19.0 9.0 32.0 22.0 23.0 13.0 25.0 20.0 11.0 10.0 10.0 10.0 3.0 1.0 252.0 20 
-1.0 13.0 20.0 12.0 17.0 23.0 27.0 24.0 28.0 20.0 25.0 37.0 9.0 14.0 5.0 4.0 277.0 20 
2.0 12.0 3.0 18.0 20.0 19.0 26.0 36.0 18.0 20.0 21.0 42.0 4.0 11.0 9.0 8.0 269.0 20 
6.0 13.0 17.0 18.0 13.0 19.0 28.0 28.0 18.0 18.0 29.0 32.0 4.0 16.0 14.0 15.0 288.0 20 
12.0 5.0 3.0 2.0 28.0 16.0 26.0 13.0 29.0 27.0 15.0 28.0 15.0 19.0 20.0 5.0 263.0 20 
11.0 17.0 16.0 26.0 16.0 19.0 30.0 30.0 11.0 17.0 21.0 22.0 3.0 -3.0 11.0 0.0 247.0 20 
1.0 10.0 5.0 13.0 10.0 24.0 15.0 10.0 28.0 29.0 22.0 12.0 12.0 20.0 13.0 -2.0 222.0 20 
12.0 4.0 11.0 9.0 20.0 23.0 26.0 11.0 25.0 27.0 16.0 11.0 23.0 19.0 20.0 4.0 261.0 20 
-2.0 -2.0 -5.0 14.0 6.0 14.0 18.0 17.0 30.0 32.0 19.0 11.0 17.0 27.0 28.0 15.0 239.0 20 
-3.0 0.0 8.0 1.0 4.0 10.0 13.0 11.0 27.0 31.0 19.0 13.0 19.0 37.0 26.0 14.0 230.0 20 
15.0 3.0 6.0 0.0 21.0 16.0 13.0 16.0 32.0 21.0 22.0 38.0 27.0 29.0 22.0 6.0 287.0 20 
9.0 10.0 1.0 0.0 16.0 13.0 12.0 4.0 37.0 30.0 12.0 5.0 9.0 29.0 21.0 4.0 212.0 20 
11.0 14.0 5.0 10.0 13.0 12.0 14.0 17.0 19.0 19.0 17.0 10.0 11.0 18.0 18.0 9.0 217.0 20 
5.0 7.0 17.0 17.0 16.0 21.0 27.0 37.0 7.0 26.0 21.0 32.0 -1.0 12.0 15.0 9.0 268.0 20 
1.0 -18.0 -35.0 -29.0 65.0 9.0 -40.0 -71.0 103.0 69.0 20.0 -17.0 85.0 87.0 36.0 1.0 266.0 20 
9.0 22.0 18.0 7.0 22.0 18.0 20.0 28.0 22.0 17.0 10.0 15.0 9.0 14.0 14.0 2.0 247.0 20 
5.0 5.0 3.0 9.0 15.0 21.0 13.0 16.0 26.0 28.0 19.0 23.0 16.0 34.0 22.0 10.0 265.0 20 
23.0 20.0 23.0 11.0 39.0 29.0 27.0 17.0 22.0 13.0 17.0 12.0 12.0 5.0 -3.0 -2.0 265.0 20 
10.0 7.0 -7.0 5.0 22.0 13.0 19.0 14.0 15.0 29.0 26.0 17.0 17.0 21.0 16.0 10.0 234.0 20 
4.0 -6.0 -13.0 -2.0 13.0 13.0 11.0 2.0 29.0 33.0 18.0 30.0 37.0 38.0 34.0 23.0 264.0 20 
12.0 14.0 9.0 -2.0 18.0 10.0 16.0 11.0 23.0 19.0 20.0 17.0 18.0 24.0 14.0 13.0 236.0 20 
1.0 2.0 5.0 13.0 10.0 0.0 13.0 44.0 5.0 22.0 24.0 39.0 9.0 20.0 21.0 15.0 243.0 20 
14.0 16.0 16.0 -1.0 22.0 10.0 23.0 26.0 24.0 18.0 14.0 15.0 21.0 21.0 16.0 3.0 258.0 20 
-4.0 -15.0 -10.0 -10.0 15.0 -3.0 3.0 -4.0 30.0 40.0 34.0 31.0 41.0 57.0 47.0 28.0 280.0 20 
5.0 14.0 12.0 5.0 19.0 23.0 17.0 13.0 25.0 29.0 24.0 20.0 10.0 16.0 13.0 5.0 250.0 20 
13.0 10.0 9.0 -7.0 27.0 23.0 12.0 9.0 28.0 25.0 16.0 4.0 34.0 32.0 12.0 5.0 252.0 20 
6.0 4.0 2.0 -3.0 26.0 20.0 8.0 0.0 41.0 29.0 21.0 14.0 41.0 39.0 27.0 7.0 282.0 20 
-10.0 -15.0 -8.0 -8.0 6.0 -6.0 -10.0 -17.0 26.0 30.0 36.0 27.0 53.0 66.0 53.0 27.0 250.0 20 
11.0 0.0 -2.0 -19.0 35.0 14.0 -5.0 -33.0 58.0 46.0 14.0 -16.0 48.0 44.0 25.0 4.0 224.0 20 
22.0 4.0 1.0 -9.0 30.0 22.0 15.0 -1.0 41.0 27.0 18.0 3.0 26.0 32.0 13.0 6.0 250.0 20 
-6.0 -2.0 -9.0 11.0 -1.0 2.0 15.0 25.0 19.0 19.0 30.0 19.0 11.0 31.0 30.0 18.0 212.0 20 
-18.0 -22.0 -15.0 7.0 -9.0 2.0 6.0 13.0 18.0 36.0 40.0 56.0 22.0 49.0 60.0 38.0 283.0 20 
-11.0 11.0 8.0 33.0 5.0 16.0 30.0 43.0 -2.0 15.0 33.0 51.0 -3.0 10.0 19.0 17.0 275.0 20 
3.0 18.0 18.0 28.0 14.0 22.0 33.0 48.0 1.0 13.0 20.0 42.0 1.0 -3.0 1.0 7.0 266.0 20 
-9.0 -3.0 1.0 0.0 1.0 13.0 8.0 21.0 17.0 19.0 26.0 45.0 19.0 23.0 31.0 24.0 236.0 20 
-6.0 0.0 3.0 6.0 6.0 3.0 25.0 31.0 9.0 26.0 21.0 43.0 13.0 35.0 29.0 17.0 261.0 20 
3.0 8.0 14.0 13.0 6.0 10.0 25.0 28.0 15.0 20.0 20.0 30.0 2.0 14.0 22.0 18.0 248.0 20 
-3.0 12.0 11.0 15.0 -5.0 12.0 28.0 43.0 3.0 12.0 27.0 31.0 8.0 23.0 24.0 8.0 249.0 20 
12.0 8.0 20.0 19.0 7.0 6.0 27.0 33.0 2.0 8.0 23.0 38.0 -7.0 13.0 11.0 13.0 233.0 20 
-5.0 -16.0 -13.0 5.0 -21.0 8.0 20.0 38.0 -3.0 23.0 32.0 69.0 20.0 38.0 50.0 47.0 292.0 20 
-7.0 -6.0 7.0 15.0 -19.0 -6.0 19.0 37.0 -2.0 21.0 34.0 53.0 8.0 22.0 41.0 38.0 255.0 20 
0.0 1.0 9.0 10.0 7.0 12.0 27.0 32.0 6.0 20.0 34.0 50.0 22.0 24.0 34.0 22.0 310.0 20 
0.0 -5.0 -3.0 15.0 8.0 3.0 26.0 42.0 -2.0 22.0 35.0 52.0 9.0 18.0 15.0 26.0 261.0 20 
10.0 18.0 23.0 19.0 19.0 24.0 31.0 33.0 7.0 16.0 14.0 26.0 3.0 7.0 3.0 6.0 259.0 20 
-7.0 -12.0 3.0 -4.0 -1.0 3.0 6.0 18.0 9.0 27.0 32.0 45.0 27.0 42.0 45.0 29.0 262.0 20 
13.0 14.0 13.0 6.0 25.0 22.0 25.0 27.0 21.0 21.0 15.0 10.0 14.0 12.0 6.0 -1.0 243.0 20 
-11.0 -8.0 0.0 11.0 -9.0 5.0 8.0 33.0 5.0 23.0 36.0 49.0 18.0 37.0 40.0 21.0 258.0 20 
-9.0 7.0 3.0 6.0 5.0 7.0 22.0 22.0 13.0 27.0 25.0 36.0 16.0 22.0 31.0 23.0 256.0 20 
7.0 15.0 16.0 37.0 12.0 16.0 38.0 48.0 -11.0 21.0 26.0 43.0 -10.0 -5.0 -2.0 6.0 257.0 20 
-15.0 -4.0 8.0 -5.0 -15.0 -7.0 23.0 53.0 -1.0 19.0 32.0 62.0 1.0 32.0 46.0 40.0 269.0 20 
-3.0 5.0 7.0 14.0 8.0 13.0 28.0 36.0 4.0 10.0 33.0 41.0 4.0 18.0 15.0 22.0 255.0 20 
-5.0 -8.0 -6.0 -4.0 3.0 5.0 17.0 15.0 26.0 34.0 32.0 24.0 31.0 43.0 48.0 23.0 278.0 20 
-6.0 4.0 12.0 21.0 -2.0 13.0 27.0 49.0 -5.0 8.0 27.0 55.0 -5.0 9.0 24.0 24.0 255.0 20 
4.0 14.0 24.0 33.0 2.0 14.0 28.0 37.0 -2.0 23.0 29.0 45.0 2.0 3.0 16.0 24.0 296.0 20 
-2.0 -3.0 -2.0 8.0 4.0 20.0 10.0 11.0 20.0 23.0 23.0 28.0 25.0 32.0 32.0 17.0 246.0 20 
-7.0 -10.0 -3.0 11.0 2.0 -8.0 23.0 32.0 9.0 22.0 30.0 63.0 9.0 27.0 32.0 25.0 257.0 20 
9.0 18.0 7.0 44.0 7.0 17.0 41.0 53.0 0.0 6.0 16.0 31.0 -1.0 -11.0 6.0 4.0 247.0 20 
1.0 5.0 16.0 27.0 -6.0 13.0 26.0 40.0 -8.0 20.0 26.0 47.0 5.0 24.0 17.0 13.0 266.0 20 
-10.0 -14.0 -6.0 -2.0 -35.0 -13.0 10.0 32.0 -12.0 27.0 32.0 58.0 14.0 29.0 53.0 45.0 208.0 20 
-13.0 -2.0 7.0 20.0 -22.0 -4.0 39.0 61.0 -17.0 7.0 36.0 69.0 0.0 14.0 39.0 36.0 270.0 20 
-13.0 -7.0 5.0 27.0 -30.0 -2.0 33.0 63.0 -7.0 10.0 38.0 79.0 -8.0 15.0 41.0 39.0 283.0 20 
3.0 13.0 11.0 28.0 -5.0 16.0 38.0 56.0 -4.0 4.0 27.0 60.0 -8.0 -2.0 14.0 21.0 272.0 20 
-4.0 -11.0 3.0 0.0 -9.0 -5.0 16.0 49.0 -19.0 18.0 38.0 54.0 17.0 27.0 43.0 42.0 259.0 20 
1.0 9.0 23.0 33.0 2.0 4.0 36.0 44.0 4.0 17.0 26.0 35.0 -1.0 6.0 18.0 15.0 272.0 20 
1.0 11.0 17.0 59.0 -17.0 7.0 43.0 73.0 -19.0 -1.0 35.0 63.0 -20.0 -10.0 20.0 30.0 292.0 20 
-8.0 4.0 18.0 48.0 -8.0 9.0 44.0 79.0 -18.0 6.0 32.0 72.0 -7.0 -6.0 20.0 21.0 306.0 20 
-5.0 5.0 9.0 28.0 -7.0 18.0 42.0 45.0 -6.0 10.0 27.0 49.0 -3.0 11.0 23.0 11.0 257.0 20 
-11.0 -3.0 8.0 20.0 -23.0 -3.0 23.0 58.0 -10.0 7.0 39.0 77.0 -2.0 12.0 30.0 27.0 249.0 20 
-3.0 -1.0 -4.0 33.0 1.0 6.0 22.0 29.0 29.0 32.0 19.0 38.0 8.0 27.0 31.0 16.0 283.0 20 
-9.0 13.0 24.0 9.0 -4.0 8.0 25.0 53.0 0.0 6.0 22.0 27.0 0.0 12.0 13.0 21.0 220.0 20 
-8.0 -1.0 7.0 9.0 -7.0 1.0 16.0 42.0 1.0 13.0 40.0 57.0 7.0 29.0 37.0 28.0 271.0 20 
-8.0 -9.0 8.0 6.0 -7.0 10.0 28.0 47.0 -5.0 18.0 33.0 73.0 24.0 27.0 30.0 31.0 306.0 20 
-13.0 -5.0 6.0 9.0 2.0 8.0 27.0 35.0 6.0 22.0 31.0 44.0 10.0 22.0 27.0 14.0 245.0 20 
39.0 43.0 29.0 22.0 61.0 61.0 81.0 68.0 18.0 17.0 -12.0 -29.0 -39.0 -64.0 -54.0 -47.0 194.0 20 
3.0 -3.0 7.0 4.0 20.0 12.0 16.0 11.0 33.0 35.0 31.0 18.0 21.0 23.0 20.0 12.0 263.0 20 
3.0 4.0 13.0 10.0 -10.0 7.0 26.0 37.0 8.0 18.0 31.0 38.0 13.0 25.0 33.0 17.0 273.0 20 
22.0 27.0 10.0 21.0 32.0 25.0 19.0 20.0 29.0 20.0 19.0 14.0 15.0 2.0 6.0 4.0 285.0 20 
6.0 5.0 -7.0 -5.0 7.0 6.0 22.0 23.0 18.0 24.0 36.0 35.0 23.0 31.0 30.0 19.0 273.0 20 
12.0 19.0 -4.0 25.0 33.0 23.0 18.0 5.0 28.0 25.0 11.0 12.0 7.0 8.0 2.0 2.0 226.0 20 
6.0 4.0 5.0 9.0 19.0 17.0 14.0 19.0 21.0 23.0 33.0 15.0 15.0 27.0 20.0 20.0 267.0 20 
12.0 14.0 3.0 -1.0 16.0 16.0 20.0 15.0 28.0 29.0 19.0 18.0 14.0 21.0 17.0 9.0 250.0 20 
-2.0 -8.0 -5.0 14.0 26.0 14.0 19.0 26.0 10.0 24.0 30.0 60.0 12.0 13.0 20.0 6.0 259.0 20 
-9.0 -8.0 -1.0 -2.0 -5.0 3.0 8.0 19.0 17.0 31.0 34.0 45.0 20.0 47.0 38.0 33.0 270.0 20 
27.0 47.0 37.0 41.0 29.0 24.0 40.0 39.0 -7.0 -3.0 -4.0 4.0 -9.0 -15.0 -11.0 -4.0 235.0 20 
7.0 4.0 5.0 12.0 12.0 13.0 30.0 23.0 12.0 19.0 21.0 24.0 18.0 18.0 26.0 11.0 255.0 20 
11.0 13.0 15.0 15.0 22.0 22.0 21.0 21.0 18.0 21.0 21.0 26.0 9.0 10.0 10.0 4.0 259.0 20 
20.0 10.0 2.0 11.0 30.0 18.0 24.0 9.0 30.0 35.0 12.0 -2.0 11.0 17.0 14.0 5.0 246.0 20 
-3.0 7.0 10.0 1.0 18.0 15.0 13.0 29.0 13.0 20.0 20.0 32.0 11.0 32.0 20.0 12.0 250.0 20 
16.0 15.0 9.0 12.0 27.0 25.0 20.0 18.0 35.0 24.0 19.0 33.0 10.0 15.0 4.0 2.0 284.0 20 
3.0 10.0 11.0 7.0 28.0 23.0 23.0 17.0 25.0 26.0 20.0 21.0 13.0 19.0 14.0 0.0 260.0 20 
35.0 40.0 39.0 16.0 34.0 28.0 24.0 23.0 12.0 3.0 -6.0 -12.0 -3.0 -14.0 -19.0 -3.0 197.0 20 
-3.0 -2.0 -3.0 2.0 16.0 19.0 12.0 7.0 28.0 35.0 32.0 37.0 20.0 29.0 31.0 16.0 276.0 20 
8.0 13.0 15.0 14.0 48.0 38.0 35.0 16.0 32.0 17.0 22.0 26.0 7.0 -1.0 1.0 -1.0 290.0 20 
23.0 34.0 30.0 21.0 19.0 30.0 38.0 31.0 11.0 11.0 -2.0 3.0 -8.0 -15.0 -7.0 -7.0 212.0 20 
10.0 22.0 17.0 9.0 -1.0 12.0 30.0 39.0 -1.0 13.0 10.0 24.0 6.0 11.0 14.0 10.0 225.0 20 
9.0 16.0 19.0 24.0 3.0 18.0 27.0 41.0 8.0 11.0 22.0 28.0 8.0 11.0 14.0 9.0 268.0 20 
-10.0 -12.0 4.0 9.0 20.0 15.0 13.0 20.0 13.0 36.0 27.0 53.0 16.0 28.0 38.0 25.0 295.0 20 
3.0 -6.0 -12.0 -15.0 39.0 28.0 2.0 -15.0 52.0 32.0 32.0 27.0 31.0 42.0 26.0 2.0 268.0 20 
10.0 15.0 11.0 20.0 17.0 13.0 31.0 36.0 17.0 23.0 18.0 26.0 3.0 1.0 9.0 2.0 252.0 20 
12.0 16.0 9.0 0.0 24.0 16.0 17.0 -3.0 44.0 26.0 17.0 -5.0 26.0 29.0 20.0 7.0 255.0 20 
8.0 19.0 12.0 11.0 16.0 11.0 19.0 18.0 25.0 15.0 19.0 18.0 17.0 12.0 14.0 4.0 238.0 20 
4.0 3.0 6.0 11.0 16.0 13.0 17.0 12.0 22.0 27.0 20.0 21.0 7.0 30.0 30.0 22.0 261.0 20 
15.0 14.0 20.0 3.0 8.0 30.0 24.0 11.0 23.0 25.0 15.0 21.0 10.0 19.0 13.0 4.0 255.0 20 
15.0 12.0 16.0 13.0 30.0 24.0 27.0 25.0 11.0 23.0 25.0 31.0 9.0 8.0 6.0 -2.0 273.0 20 
11.0 7.0 6.0 6.0 22.0 20.0 19.0 9.0 22.0 26.0 11.0 21.0 20.0 20.0 14.0 5.0 239.0 20 
23.0 25.0 37.0 21.0 13.0 20.0 33.0 37.0 4.0 12.0 8.0 15.0 1.0 -3.0 8.0 9.0 263.0 20 
25.0 32.0 22.0 30.0 26.0 24.0 31.0 17.0 22.0 8.0 6.0 -2.0 -8.0 -3.0 -2.0 -1.0 227.0 20 
2.0 -1.0 8.0 -10.0 9.0 9.0 6.0 8.0 26.0 20.0 28.0 15.0 31.0 48.0 32.0 13.0 244.0 20 
5.0 7.0 13.0 3.0 7.0 19.0 25.0 25.0 8.0 20.0 5.0 20.0 20.0 29.0 19.0 16.0 241.0 20 
1.0 10.0 3.0 3.0 26.0 19.0 18.0 9.0 26.0 28.0 27.0 21.0 20.0 25.0 22.0 14.0 272.0 20 
16.0 16.0 24.0 20.0 22.0 26.0 36.0 26.0 10.0 14.0 10.0 4.0 -1.0 -3.0 0.0 2.0 222.0 20 
16.0 28.0 22.0 7.0 18.0 20.0 24.0 37.0 8.0 15.0 20.0 19.0 5.0 9.0 12.0 1.0 261.0 20 
12.0 11.0 3.0 3.0 31.0 21.0 21.0 12.0 26.0 22.0 19.0 17.0 19.0 23.0 22.0 10.0 272.0 20 
38.0 49.0 28.0 11.0 41.0 27.0 18.0 1.0 28.0 25.0 -2.0 -26.0 6.0 2.0 -6.0 -3.0 237.0 20 
24.0 24.0 27.0 11.0 29.0 23.0 21.0 13.0 26.0 20.0 10.0 2.0 9.0 6.0 6.0 -3.0 248.0 20 
49.0 31.0 24.0 22.0 46.0 41.0 27.0 0.0 35.0 9.0 1.0 -9.0 1.0 -5.0 -19.0 -2.0 251.0 20 
23.0 22.0 10.0 15.0 49.0 28.0 21.0 5.0 35.0 26.0 6.0 1.0 18.0 5.0 -6.0 -1.0 257.0 20 
1.0 -9.0 -1.0 -5.0 20.0 17.0 -4.0 -2.0 34.0 38.0 22.0 11.0 33.0 43.0 28.0 17.0 243.0 20 
13.0 11.0 10.0 0.0 27.0 23.0 19.0 18.0 31.0 21.0 10.0 9.0 23.0 21.0 16.0 -6.0 246.0 20 
28.0 36.0 26.0 22.0 23.0 25.0 35.0 35.0 12.0 5.0 1.0 6.0 -7.0 -5.0 -2.0 -6.0 234.0 20 
6.0 8.0 5.0 -4.0 15.0 16.0 20.0 18.0 13.0 25.0 27.0 35.0 23.0 13.0 26.0 12.0 258.0 20 
-6.0 0.0 1.0 8.0 10.0 11.0 14.0 27.0 11.0 26.0 26.0 34.0 23.0 34.0 38.0 28.0 285.0 20 
7.0 11.0 9.0 27.0 22.0 19.0 29.0 37.0 8.0 15.0 18.0 34.0 6.0 -2.0 8.0 9.0 257.0 20 
4.0 22.0 13.0 16.0 16.0 17.0 20.0 3.0 30.0 19.0 13.0 22.0 17.0 24.0 9.0 17.0 262.0 20 
2.0 14.0 9.0 26.0 1.0 15.0 22.0 28.0 22.0 22.0 14.0 19.0 5.0 12.0 11.0 10.0 232.0 20 
-9.0 -4.0 2.0 5.0 -5.0 3.0 10.0 21.0 17.0 30.0 33.0 44.0 22.0 35.0 41.0 31.0 276.0 20 
2.0 7.0 6.0 20.0 17.0 18.0 12.0 13.0 22.0 23.0 22.0 18.0 5.0 14.0 20.0 11.0 230.0 20 
5.0 3.0 -1.0 0.0 20.0 18.0 12.0 14.0 31.0 26.0 20.0 27.0 22.0 31.0 23.0 18.0 269.0 20 
21.0 35.0 32.0 22.0 34.0 24.0 26.0 26.0 10.0 6.0 12.0 17.0 1.0 2.0 -7.0 -5.0 256.0 20 
3.0 7.0 4.0 0.0 14.0 16.0 13.0 19.0 13.0 28.0 20.0 30.0 24.0 27.0 30.0 18.0 266.0 20 
24.0 32.0 34.0 8.0 19.0 25.0 29.0 36.0 4.0 5.0 13.0 20.0 3.0 -6.0 -2.0 -6.0 238.0 20 
7.0 -1.0 -5.0 8.0 12.0 13.0 14.0 14.0 28.0 34.0 23.0 30.0 18.0 21.0 31.0 21.0 268.0 20 
21.0 24.0 21.0 21.0 12.0 20.0 25.0 30.0 9.0 24.0 11.0 22.0 3.0 7.0 8.0 7.0 265.0 20 
36.0 45.0 36.0 48.0 52.0 46.0 65.0 62.0 36.0 47.0 38.0 56.0 15.0 24.0 21.0 9.0 636.0 50 
29.0 29.0 31.0 36.0 44.0 40.0 51.0 45.0 58.0 58.0 40.0 30.0 27.0 25.0 30.0 19.0 592.0 50 
61.0 70.0 49.0 46.0 75.0 56.0 60.0 48.0 38.0 41.0 21.0 20.0 12.0 13.0 4.0 -2.0 612.0 50 
83.0 98.0 78.0 68.0 75.0 65.0 75.0 53.0 41.0 9.0 4.0 6.0 -10.0 -22.0 -32.0 -3.0 588.0 50 
9.0 32.0 43.0 67.0 14.0 28.0 70.0 90.0 14.0 35.0 53.0 70.0 2.0 26.0 36.0 37.0 626.0 50 
10.0 20.0 49.0 82.0 1.0 24.0 75.0 112.0 4.0 36.0 57.0 103.0 -7.0 23.0 37.0 33.0 659.0 50 
28.0 62.0 64.0 109.0 23.0 44.0 95.0 112.0 5.0 14.0 31.0 64.0 -21.0 -27.0 -9.0 7.0 601.0 50 
39.0 58.0 59.0 78.0 44.0 48.0 74.0 101.0 18.0 27.0 48.0 62.0 -7.0 -6.0 9.0 5.0 657.0 50 
58.0 73.0 54.0 60.0 78.0 58.0 62.0 54.0 44.0 38.0 23.0 26.0 5.0 2.0 -10.0 -6.0 619.0 50 
104.0 112.0 86.0 87.0 89.0 71.0 62.0 45.0 35.0 24.0 -3.0 -8.0 -15.0 -30.0 -19.0 -6.0 634.0 50 
74.0 57.0 18.0 3.0 115.0 64.0 30.0 -14.0 103.0 63.0 10.0 -33.0 53.0 42.0 7.0 -3.0 589.0 50 
60.0 73.0 47.0 45.0 103.0 67.0 67.0 34.0 53.0 46.0 22.0 7.0 9.0 -2.0 -11.0 -12.0 608.0 50 
34.0 57.0 61.0 65.0 39.0 51.0 73.0 85.0 19.0 35.0 36.0 46.0 6.0 8.0 13.0 6.0 634.0 50 
27.0 28.0 19.0 11.0 51.0 39.0 42.0 28.0 59.0 58.0 52.0 45.0 50.0 62.0 44.0 20.0 635.0 50 
43.0 48.0 45.0 50.0 56.0 45.0 65.0 60.0 39.0 45.0 39.0 36.0 22.0 15.0 10.0 8.0 626.0 50 
165.0 188.0 157.0 77.0 115.0 84.0 61.0 29.0 -5.0 -53.0 -47.0 -52.0 -18.0 -53.0 -38.0 -13.0 597.0 50 
0.0 8.0 3.0 10.0 20.0 27.0 32.0 24.0 65.0 62.0 63.0 78.0 64.0 82.0 79.0 50.0 667.0 50 
26.0 34.0 32.0 44.0 30.0 48.0 60.0 78.0 20.0 37.0 41.0 55.0 14.0 34.0 29.0 15.0 597.0 50 
28.0 45.0 27.0 44.0 50.0 39.0 65.0 58.0 46.0 52.0 32.0 40.0 24.0 28.0 20.0 11.0 609.0 50 
3.0 13.0 20.0 16.0 36.0 31.0 46.0 52.0 53.0 61.0 59.0 79.0 38.0 61.0 52.0 31.0 651.0 50 
36.0 35.0 20.0 27.0 53.0 47.0 45.0 34.0 50.0 57.0 33.0 27.0 41.0 48.0 28.0 19.0 600.0 50 
39.0 56.0 44.0 23.0 51.0 50.0 52.0 32.0 68.0 56.0 33.0 3.0 28.0 38.0 16.0 3.0 592.0 50 
-1.0 -11.0 -41.0 -16.0 44.0 23.0 11.0 -7.0 95.0 86.0 55.0 23.0 73.0 85.0 64.0 23.0 506.0 50 
8.0 5.0 -3.0 -3.0 36.0 25.0 22.0 10.0 77.0 71.0 61.0 50.0 65.0 86.0 75.0 41.0 626.0 50 
36.0 33.0 16.0 6.0 69.0 39.0 41.0 22.0 78.0 68.0 36.0 19.0 49.0 45.0 41.0 12.0 610.0 50 
34.0 39.0 25.0 29.0 76.0 65.0 67.0 43.0 48.0 53.0 41.0 27.0 24.0 19.0 9.0 -10.0 589.0 50 
-10.0 -12.0 7.0 22.0 -1.0 10.0 45.0 61.0 27.0 53.0 61.0 75.0 27.0 55.0 71.0 51.0 542.0 50 
94.0 108.0 74.0 64.0 85.0 69.0 71.0 41.0 36.0 21.0 -5.0 -15.0 -3.0 -18.0 -21.0 -1.0 600.0 50 
24.0 25.0 31.0 28.0 51.0 35.0 56.0 76.0 29.0 47.0 54.0 84.0 34.0 33.0 40.0 22.0 669.0 50 
21.0 25.0 8.0 29.0 70.0 58.0 50.0 26.0 73.0 65.0 40.0 41.0 39.0 43.0 27.0 19.0 634.0 50 
-12.0 14.0 -1.0 19.0 1.0 10.0 39.0 57.0 42.0 55.0 64.0 66.0 47.0 86.0 86.0 56.0 629.0 50 
25.0 63.0 77.0 85.0 29.0 53.0 99.0 137.0 -17.0 4.0 42.0 81.0 -15.0 -10.0 5.0 5.0 663.0 50 
44.0 49.0 30.0 9.0 88.0 60.0 54.0 24.0 78.0 59.0 26.0 13.0 45.0 46.0 17.0 -1.0 641.0 50 
21.0 6.0 5.0 2.0 47.0 35.0 39.0 23.0 63.0 58.0 47.0 42.0 56.0 66.0 62.0 35.0 607.0 50 
-23.0 -7.0 15.0 9.0 -13.0 13.0 56.0 86.0 21.0 51.0 80.0 131.0 55.0 74.0 83.0 55.0 686.0 50 
-3.0 7.0 15.0 20.0 33.0 25.0 38.0 63.0 38.0 50.0 65.0 112.0 33.0 58.0 69.0 45.0 668.0 50 
41.0 59.0 56.0 58.0 95.0 100.0 87.0 40.0 74.0 58.0 13.0 -10.0 21.0 -12.0 -46.0 -54.0 580.0 50 
-7.0 -17.0 -10.0 11.0 -5.0 -2.0 34.0 58.0 31.0 64.0 77.0 99.0 44.0 78.0 102.0 87.0 644.0 50 
25.0 32.0 28.0 20.0 40.0 36.0 50.0 40.0 68.0 57.0 36.0 9.0 43.0 56.0 32.0 15.0 587.0 50 
-1.0 15.0 9.0 29.0 11.0 28.0 44.0 50.0 49.0 53.0 51.0 73.0 33.0 65.0 57.0 49.0 615.0 50 
67.0 63.0 37.0 54.0 89.0 71.0 54.0 35.0 66.0 49.0 18.0 -5.0 2.0 -1.0 -23.0 -16.0 560.0 50 
-3.0 -8.0 17.0 28.0 16.0 24.0 48.0 89.0 16.0 51.0 76.0 126.0 35.0 51.0 72.0 49.0 687.0 50 
20.0 35.0 30.0 17.0 41.0 47.0 53.0 43.0 58.0 57.0 53.0 41.0 32.0 51.0 40.0 16.0 634.0 50 
35.0 47.0 40.0 69.0 49.0 51.0 61.0 71.0 32.0 42.0 50.0 57.0 3.0 12.0 14.0 9.0 642.0 50 
57.0 64.0 51.0 70.0 71.0 54.0 80.0 64.0 42.0 42.0 27.0 28.0 -3.0 -8.0 -4.0 -5.0 630.0 50 
54.0 61.0 60.0 65.0 57.0 58.0 68.0 55.0 48.0 37.0 21.0 16.0 8.0 7.0 -6.0 -13.0 596.0 50 
6.0 27.0 39.0 70.0 8.0 26.0 78.0 99.0 18.0 38.0 56.0 90.0 5.0 27.0 44.0 19.0 650.0 50 
0.0 -14.0 -18.0 -11.0 38.0 28.0 11.0 7.0 87.0 83.0 57.0 51.0 86.0 105.0 91.0 50.0 651.0 50 
4.0 13.0 14.0 15.0 23.0 34.0 55.0 53.0 42.0 48.0 51.0 53.0 37.0 57.0 55.0 40.0 594.0 50 
3.0 -8.0 -13.0 -8.0 24.0 25.0 16.0 14.0 71.0 73.0 66.0 64.0 74.0 96.0 88.0 60.0 645.0 50 
-10.0 -8.0 7.0 7.0 24.0 18.0 30.0 43.0 45.0 69.0 72.0 87.0 58.0 73.0 80.0 45.0 640.0 50 
31.0 27.0 4.0 -11.0 75.0 50.0 28.0 -5.0 95.0 68.0 40.0 13.0 78.0 82.0 39.0 12.0 626.0 50 
40.0 46.0 31.0 18.0 71.0 49.0 52.0 42.0 60.0 53.0 31.0 34.0 36.0 40.0 25.0 3.0 631.0 50 
38.0 30.0 8.0 0.0 72.0 45.0 32.0 4.0 88.0 67.0 35.0 17.0 67.0 71.0 40.0 9.0 623.0 50 
-2.0 10.0 8.0 8.0 21.0 27.0 37.0 30.0 67.0 69.0 52.0 54.0 49.0 79.0 65.0 40.0 614.0 50 
19.0 16.0 4.0 -8.0 59.0 26.0 27.0 14.0 75.0 59.0 54.0 50.0 76.0 83.0 61.0 34.0 649.0 50 
24.0 9.0 -7.0 0.0 64.0 37.0 29.0 0.0 84.0 78.0 54.0 44.0 76.0 80.0 60.0 33.0 665.0 50 
-18.0 -21.0 -9.0 -12.0 25.0 22.0 40.0 53.0 62.0 81.0 91.0 110.0 60.0 88.0 78.0 39.0 689.0 50 
17.0 8.0 14.0 -7.0 43.0 36.0 39.0 36.0 64.0 66.0 55.0 45.0 63.0 82.0 56.0 36.0 653.0 50 
45.0 59.0 57.0 61.0 61.0 53.0 65.0 64.0 28.0 36.0 37.0 50.0 14.0 8.0 6.0 3.0 647.0 50 
7.0 25.0 20.0 50.0 27.0 39.0 68.0 83.0 28.0 44.0 49.0 79.0 16.0 31.0 43.0 37.0 646.0 50 
65.0 60.0 31.0 56.0 77.0 52.0 59.0 30.0 64.0 48.0 20.0 2.0 20.0 12.0 0.0 -1.0 595.0 50 
7.0 16.0 10.0 15.0 31.0 32.0 44.0 49.0 54.0 53.0 47.0 48.0 49.0 69.0 60.0 26.0 610.0 50 
24.0 20.0 16.0 0.0 70.0 45.0 33.0 31.0 62.0 61.0 45.0 59.0 57.0 64.0 40.0 18.0 645.0 50 
72.0 58.0 6.0 -1.0 121.0 61.0 19.0 -34.0 115.0 67.0 10.0 -26.0 69.0 48.0 0.0 -3.0 582.0 50 
-2.0 -9.0 2.0 -10.0 2.0 10.0 27.0 26.0 47.0 70.0 59.0 75.0 74.0 96.0 90.0 65.0 622.0 50 
-17.0 -18.0 -14.0 -5.0 18.0 14.0 19.0 20.0 50.0 71.0 63.0 76.0 76.0 109.0 98.0 68.0 628.0 50 
25.0 31.0 17.0 2.0 54.0 41.0 45.0 32.0 64.0 58.0 45.0 36.0 46.0 54.0 42.0 16.0 608.0 50 
20.0 16.0 6.0 -7.0 64.0 40.0 23.0 3.0 80.0 79.0 47.0 37.0 73.0 74.0 54.0 14.0 623.0 50 
10.0 8.0 9.0 8.0 29.0 25.0 46.0 44.0 56.0 72.0 59.0 62.0 59.0 72.0 71.0 42.0 672.0 50 
0.0 -8.0 -12.0 -27.0 37.0 17.0 0.0 -22.0 95.0 86.0 57.0 41.0 106.0 136.0 103.0 67.0 676.0 50 
1.0 -5.0 10.0 2.0 -5.0 10.0 45.0 55.0 42.0 58.0 61.0 71.0 65.0 88.0 85.0 56.0 639.0 50 
-5.0 0.0 1.0 -13.0 29.0 18.0 33.0 42.0 40.0 64.0 61.0 78.0 76.0 87.0 76.0 57.0 644.0 50 
9.0 3.0 -4.0 10.0 65.0 37.0 37.0 14.0 72.0 71.0 53.0 43.0 49.0 58.0 50.0 34.0 601.0 50 
-13.0 -20.0 -17.0 -12.0 -9.0 2.0 5.0 25.0 47.0 73.0 74.0 97.0 84.0 121.0 122.0 93.0 672.0 50 
-6.0 -18.0 -14.0 -11.0 43.0 21.0 24.0 11.0 67.0 62.0 64.0 73.0 84.0 102.0 82.0 53.0 637.0 50 
6.0 1.0 8.0 11.0 26.0 25.0 42.0 54.0 43.0 61.0 72.0 80.0 39.0 72.0 74.0 51.0 665.0 50 
-1.0 11.0 -7.0 -2.0 38.0 33.0 29.0 14.0 69.0 71.0 54.0 59.0 64.0 87.0 70.0 44.0 633.0 50 
5.0 11.0 22.0 17.0 38.0 33.0 53.0 53.0 34.0 49.0 66.0 69.0 55.0 66.0 59.0 39.0 669.0 50 
-5.0 -4.0 -10.0 -8.0 31.0 25.0 22.0 18.0 56.0 75.0 54.0 64.0 75.0 90.0 82.0 54.0 619.0 50 
14.0 16.0 4.0 2.0 40.0 26.0 26.0 25.0 66.0 64.0 53.0 43.0 60.0 79.0 65.0 35.0 618.0 50 
14.0 2.0 0.0 -16.0 45.0 23.0 23.0 12.0 73.0 80.0 47.0 47.0 87.0 101.0 76.0 32.0 646.0 50 
0.0 -11.0 -7.0 9.0 33.0 28.0 30.0 27.0 56.0 68.0 60.0 55.0 67.0 96.0 86.0 41.0 638.0 50 
22.0 34.0 22.0 9.0 51.0 41.0 49.0 33.0 54.0 68.0 43.0 46.0 46.0 56.0 50.0 8.0 632.0 50 
19.0 5.0 12.0 -3.0 62.0 36.0 27.0 10.0 91.0 73.0 49.0 28.0 77.0 84.0 55.0 18.0 643.0 50 
21.0 18.0 1.0 7.0 62.0 41.0 37.0 20.0 65.0 70.0 51.0 43.0 55.0 69.0 37.0 26.0 623.0 50 
20.0 15.0 9.0 13.0 51.0 44.0 36.0 40.0 64.0 64.0 52.0 58.0 54.0 66.0 51.0 34.0 671.0 50 
12.0 17.0 3.0 3.0 28.0 31.0 43.0 36.0 57.0 63.0 53.0 75.0 60.0 80.0 66.0 40.0 667.0 50 
42.0 43.0 33.0 25.0 77.0 61.0 55.0 28.0 63.0 53.0 38.0 23.0 35.0 34.0 21.0 0.0 631.0 50 
57.0 65.0 35.0 12.0 82.0 60.0 56.0 22.0 74.0 54.0 15.0 -5.0 36.0 26.0 4.0 -10.0 583.0 50 
50.0 58.0 38.0 68.0 54.0 54.0 67.0 58.0 31.0 42.0 32.0 43.0 -2.0 4.0 7.0 6.0 610.0 50 
43.0 50.0 32.0 19.0 67.0 56.0 54.0 39.0 69.0 51.0 33.0 24.0 35.0 31.0 25.0 12.0 640.0 50 
14.0 12.0 6.0 -6.0 50.0 30.0 27.0 9.0 76.0 69.0 32.0 24.0 80.0 92.0 59.0 22.0 596.0 50 
47.0 51.0 33.0 27.0 78.0 61.0 57.0 44.0 58.0 49.0 36.0 36.0 31.0 25.0 12.0 5.0 650.0 50 
52.0 49.0 41.0 13.0 67.0 50.0 58.0 37.0 44.0 43.0 23.0 20.0 30.0 29.0 13.0 5.0 574.0 50 
28.0 29.0 22.0 32.0 39.0 47.0 53.0 43.0 48.0 55.0 44.0 43.0 28.0 40.0 38.0 23.0 612.0 50 
26.0 49.0 45.0 60.0 52.0 53.0 72.0 68.0 25.0 42.0 44.0 50.0 9.0 15.0 16.0 9.0 635.0 50 
25.0 42.0 25.0 29.0 59.0 45.0 60.0 55.0 45.0 46.0 52.0 51.0 14.0 27.0 28.0 13.0 616.0 50 
41.0 29.0 15.0 12.0 74.0 55.0 50.0 31.0 65.0 61.0 49.0 43.0 42.0 42.0 21.0 9.0 639.0 50 
42.0 37.0 16.0 -4.0 82.0 51.0 35.0 13.0 81.0 69.0 37.0 26.0 56.0 51.0 36.0 11.0 639.0 50 
23.0 30.0 19.0 7.0 73.0 44.0 48.0 31.0 50.0 56.0 44.0 47.0 40.0 48.0 41.0 13.0 614.0 50 
5.0 2.0 8.0 17.0 27.0 33.0 50.0 51.0 49.0 57.0 54.0 70.0 47.0 58.0 63.0 46.0 637.0 50 
55.0 52.0 36.0 10.0 80.0 49.0 50.0 18.0 77.0 58.0 29.0 2.0 40.0 39.0 17.0 2.0 614.0 50 
34.0 38.0 19.0 3.0 83.0 49.0 40.0 18.0 76.0 59.0 35.0 21.0 52.0 52.0 23.0 4.0 606.0 50 
43.0 49.0 44.0 27.0 71.0 55.0 48.0 35.0 60.0 45.0 28.0 30.0 36.0 22.0 24.0 7.0 624.0 50 
63.0 64.0 39.0 26.0 83.0 56.0 50.0 23.0 72.0 48.0 16.0 -8.0 29.0 21.0 4.0 -8.0 578.0 50 
73.0 66.0 33.0 25.0 105.0 75.0 59.0 17.0 62.0 47.0 15.0 -8.0 30.0 16.0 -5.0 -6.0 604.0 50 
66.0 92.0 72.0 90.0 68.0 68.0 88.0 79.0 25.0 28.0 19.0 20.0 -19.0 -27.0 -18.0 -10.0 641.0 50 
40.0 41.0 18.0 2.0 72.0 55.0 47.0 25.0 68.0 61.0 36.0 4.0 51.0 44.0 35.0 14.0 613.0 50 
85.0 75.0 46.0 18.0 102.0 79.0 47.0 7.0 68.0 51.0 6.0 -15.0 32.0 10.0 -6.0 -6.0 599.0 50 
47.0 55.0 40.0 27.0 67.0 53.0 53.0 32.0 60.0 51.0 29.0 1.0 30.0 34.0 18.0 5.0 602.0 50 
19.0 29.0 7.0 7.0 54.0 40.0 44.0 27.0 74.0 66.0 44.0 27.0 51.0 64.0 47.0 25.0 625.0 50 
129.0 103.0 36.0 -1.0 163.0 88.0 25.0 -39.0 116.0 46.0 -8.0 -51.0 35.0 -11.0 -39.0 -6.0 586.0 50 
51.0 26.0 15.0 0.0 95.0 59.0 34.0 -8.0 99.0 74.0 37.0 21.0 69.0 54.0 31.0 8.0 665.0 50 
55.0 56.0 28.0 20.0 93.0 66.0 56.0 22.0 73.0 55.0 26.0 6.0 40.0 31.0 8.0 -5.0 630.0 50 
63.0 55.0 27.0 18.0 94.0 73.0 53.0 14.0 81.0 54.0 19.0 2.0 31.0 26.0 -2.0 -11.0 597.0 50 
48.0 50.0 22.0 13.0 70.0 53.0 53.0 25.0 68.0 55.0 35.0 11.0 46.0 44.0 22.0 4.0 619.0 50 
13.0 16.0 17.0 17.0 21.0 24.0 45.0 46.0 45.0 55.0 58.0 53.0 54.0 73.0 65.0 49.0 651.0 50 
39.0 43.0 34.0 18.0 57.0 54.0 53.0 50.0 53.0 45.0 37.0 27.0 26.0 39.0 25.0 17.0 617.0 50 
26.0 15.0 -7.0 -1.0 67.0 45.0 25.0 -8.0 104.0 80.0 44.0 19.0 66.0 69.0 51.0 20.0 615.0 50 
20.0 22.0 9.0 0.0 60.0 41.0 40.0 18.0 74.0 69.0 49.0 30.0 58.0 66.0 50.0 19.0 625.0 50 
32.0 28.0 13.0 -14.0 81.0 47.0 35.0 1.0 90.0 72.0 37.0 20.0 68.0 70.0 45.0 11.0 636.0 50 
33.0 19.0 13.0 17.0 51.0 47.0 44.0 26.0 67.0 58.0 49.0 31.0 46.0 56.0 43.0 16.0 616.0 50 
12.0 -3.0 -6.0 -17.0 60.0 45.0 17.0 2.0 85.0 82.0 60.0 48.0 72.0 103.0 74.0 35.0 669.0 50 
-3.0 -1.0 4.0 -7.0 18.0 26.0 31.0 39.0 45.0 60.0 58.0 67.0 63.0 91.0 88.0 55.0 634.0 50 
-19.0 -36.0 -11.0 -62.0 39.0 10.0 -7.0 -7.0 82.0 84.0 77.0 90.0 108.0 160.0 118.0 63.0 689.0 50 
-2.0 -5.0 -13.0 -12.0 28.0 16.0 18.0 15.0 72.0 79.0 57.0 57.0 83.0 97.0 85.0 55.0 630.0 50 
22.0 25.0 12.0 28.0 41.0 43.0 53.0 46.0 49.0 57.0 47.0 58.0 29.0 35.0 36.0 27.0 608.0 50 
6.0 -13.0 -6.0 -8.0 21.0 29.0 17.0 23.0 59.0 68.0 63.0 73.0 82.0 101.0 87.0 68.0 670.0 50 
-6.0 -13.0 -11.0 -5.0 10.0 21.0 38.0 44.0 50.0 63.0 75.0 108.0 60.0 94.0 93.0 58.0 679.0 50 
20.0 22.0 15.0 16.0 49.0 48.0 39.0 32.0 61.0 63.0 37.0 38.0 55.0 66.0 43.0 22.0 626.0 50 
5.0 21.0 15.0 18.0 24.0 34.0 52.0 51.0 46.0 56.0 63.0 64.0 28.0 64.0 59.0 42.0 642.0 50 
12.0 25.0 40.0 48.0 5.0 26.0 65.0 91.0 18.0 26.0 59.0 87.0 9.0 37.0 43.0 42.0 633.0 50 
2.0 -10.0 5.0 20.0 16.0 22.0 38.0 69.0 30.0 61.0 66.0 106.0 40.0 72.0 69.0 57.0 663.0 50 
-11.0 -2.0 8.0 32.0 -13.0 18.0 57.0 79.0 25.0 54.0 70.0 99.0 32.0 58.0 76.0 70.0 652.0 50 
-18.0 -21.0 3.0 65.0 -14.0 10.0 58.0 103.0 0.0 40.0 81.0 154.0 19.0 47.0 81.0 91.0 699.0 50 
-5.0 17.0 29.0 41.0 15.0 20.0 57.0 85.0 7.0 52.0 71.0 120.0 16.0 41.0 50.0 54.0 670.0 50 
40.0 58.0 69.0 87.0 64.0 75.0 109.0 135.0 67.0 104.0 96.0 139.0 58.0 79.0 89.0 73.0 1342.0 100 
24.0 43.0 58.0 95.0 39.0 73.0 119.0 151.0 57.0 90.0 107.0 148.0 33.0 74.0 95.0 84.0 1290.0 100 
52.0 81.0 59.0 94.0 82.0 88.0 113.0 119.0 77.0 100.0 81.0 97.0 34.0 65.0 63.0 49.0 1254.0 100 
40.0 61.0 71.0 105.0 81.0 73.0 114.0 138.0 59.0 88.0 103.0 141.0 43.0 63.0 62.0 50.0 1292.0 100 
44.0 73.0 70.0 77.0 66.0 71.0 113.0 123.0 70.0 96.0 91.0 107.0 47.0 73.0 83.0 60.0 1264.0 100 
86.0 111.0 98.0 132.0 96.0 93.0 131.0 140.0 68.0 70.0 68.0 83.0 16.0 29.0 17.0 28.0 1266.0 100 
49.0 47.0 28.0 13.0 93.0 77.0 72.0 56.0 133.0 140.0 109.0 94.0 86.0 119.0 93.0 37.0 1246.0 100 
114.0 106.0 71.0 54.0 171.0 124.0 106.0 43.0 155.0 113.0 46.0 -3.0 74.0 46.0 0.0 -22.0 1198.0 100 
148.0 134.0 82.0 81.0 163.0 113.0 97.0 59.0 111.0 96.0 52.0 22.0 50.0 31.0 21.0 5.0 1265.0 100 
86.0 66.0 41.0 53.0 126.0 89.0 92.0 66.0 118.0 119.0 86.0 65.0 73.0 84.0 66.0 24.0 1254.0 100 
109.0 129.0 115.0 136.0 110.0 101.0 125.0 132.0 60.0 65.0 54.0 70.0 13.0 7.0 8.0 13.0 1247.0 100 
-20.0 -29.0 -22.0 23.0 -25.0 2.0 56.0 132.0 31.0 97.0 160.0 265.0 93.0 181.0 237.0 265.0 1446.0 100 
24.0 41.0 40.0 43.0 66.0 61.0 89.0 104.0 85.0 113.0 95.0 120.0 78.0 114.0 118.0 78.0 1269.0 100 
106.0 147.0 134.0 205.0 100.0 106.0 155.0 163.0 36.0 48.0 45.0 72.0 -25.0 -27.0 -18.0 0.0 1247.0 100 
71.0 97.0 96.0 116.0 83.0 81.0 123.0 138.0 56.0 82.0 89.0 101.0 37.0 54.0 45.0 29.0 1298.0 100 
90.0 92.0 84.0 106.0 104.0 91.0 120.0 117.0 76.0 92.0 76.0 78.0 31.0 42.0 33.0 14.0 1246.0 100 
5.0 34.0 51.0 99.0 23.0 57.0 115.0 155.0 36.0 82.0 121.0 197.0 42.0 81.0 106.0 116.0 1320.0 100 
70.0 89.0 80.0 126.0 99.0 99.0 126.0 125.0 66.0 83.0 82.0 97.0 22.0 33.0 31.0 33.0 1261.0 100 
24.0 36.0 54.0 75.0 53.0 68.0 106.0 127.0 71.0 96.0 102.0 136.0 56.0 90.0 97.0 81.0 1272.0 100 
-8.0 -14.0 -24.0 -10.0 62.0 40.0 56.0 45.0 118.0 139.0 126.0 169.0 142.0 189.0 169.0 137.0 1336.0 100 
29.0 56.0 64.0 93.0 55.0 68.0 105.0 132.0 58.0 93.0 104.0 155.0 40.0 69.0 84.0 82.0 1287.0 100 
0.0 16.0 18.0 53.0 21.0 50.0 95.0 124.0 63.0 103.0 124.0 167.0 67.0 121.0 143.0 129.0 1294.0 100 
99.0 84.0 48.0 43.0 131.0 84.0 88.0 59.0 126.0 114.0 73.0 40.0 87.0 94.0 59.0 13.0 1242.0 100 
64.0 53.0 54.0 59.0 106.0 77.0 98.0 89.0 106.0 108.0 101.0 102.0 68.0 78.0 84.0 43.0 1290.0 100 
160.0 128.0 67.0 27.0 148.0 103.0 88.0 39.0 144.0 110.0 44.0 -18.0 95.0 78.0 26.0 -2.0 1237.0 100 
396.0 254.0 84.0 -13.0 334.0 153.0 21.0 -81.0 219.0 59.0 -65.0 -70.0 69.0 -30.0 -25.0 -6.0 1299.0 100 
711.0 350.0 22.0 -21.0 549.0 114.0 -105.0 -99.0 268.0 -81.0 -78.0 -83.0 8.0 -77.0 -62.0 -18.0 1398.0 100 
97.0 81.0 39.0 7.0 149.0 100.0 83.0 37.0 148.0 130.0 78.0 30.0 129.0 122.0 57.0 13.0 1300.0 100 
190.0 110.0 13.0 -2.0 222.0 126.0 48.0 -28.0 200.0 123.0 29.0 -35.0 146.0 96.0 15.0 1.0 1254.0 100 
1.0 46.0 84.0 110.0 13.0 107.0 155.0 112.0 19.0 106.0 118.0 154.0 -3.0 60.0 92.0 82.0 1256.0 100 
62.0 95.0 83.0 96.0 123.0 101.0 118.0 111.0 103.0 94.0 78.0 94.0 47.0 55.0 52.0 30.0 1342.0 100 
100.0 141.0 136.0 232.0 126.0 123.0 163.0 156.0 59.0 48.0 46.0 56.0 -18.0 -27.0 -22.0 -11.0 1308.0 100 
-11.0 -8.0 39.0 142.0 -22.0 21.0 104.0 199.0 0.0 58.0 125.0 231.0 8.0 61.0 123.0 185.0 1255.0 100 
59.0 114.0 125.0 191.0 95.0 104.0 157.0 183.0 34.0 50.0 65.0 92.0 -14.0 -9.0 -5.0 13.0 1254.0 100 
69.0 110.0 114.0 163.0 135.0 123.0 151.0 147.0 65.0 63.0 58.0 94.0 3.0 -3.0 -15.0 4.0 1281.0 100 
35.0 85.0 106.0 150.0 86.0 100.0 160.0 180.0 54.0 73.0 79.0 122.0 4.0 11.0 27.0 39.0 1311.0 100 
-12.0 -12.0 -9.0 11.0 -57.0 -16.0 60.0 145.0 21.0 80.0 139.0 242.0 74.0 172.0 233.0 291.0 1362.0 100 
-17.0 -21.0 18.0 44.0 -33.0 7.0 94.0 199.0 3.0 73.0 133.0 272.0 51.0 133.0 179.0 233.0 1368.0 100 
-11.0 -17.0 63.0 293.0 -50.0 -18.0 150.0 382.0 -79.0 -33.0 123.0 380.0 -34.0 -26.0 103.0 277.0 1503.0 100 
-1.0 -33.0 -11.0 180.0 -63.0 -57.0 95.0 344.0 -64.0 -16.0 131.0 408.0 -27.0 36.0 201.0 418.0 1541.0 100 
-18.0 -5.0 53.0 167.0 -25.0 19.0 146.0 291.0 -48.0 30.0 144.0 329.0 -7.0 38.0 144.0 219.0 1477.0 100 
-10.0 13.0 43.0 141.0 0.0 36.0 136.0 240.0 -22.0 40.0 125.0 300.0 8.0 32.0 114.0 209.0 1405.0 100 
-11.0 -23.0 65.0 401.0 -39.0 -33.0 163.0 446.0 -84.0 -73.0 98.0 456.0 -38.0 -60.0 69.0 293.0 1630.0 100 
17.0 74.0 79.0 81.0 73.0 87.0 119.0 120.0 84.0 94.0 90.0 93.0 47.0 74.0 67.0 51.0 1250.0 100 
-5.0 5.0 22.0 62.0 19.0 43.0 107.0 161.0 50.0 87.0 126.0 196.0 59.0 111.0 145.0 147.0 1335.0 100 
-5.0 -18.0 27.0 136.0 -49.0 3.0 135.0 280.0 -34.0 31.0 135.0 311.0 -4.0 55.0 163.0 250.0 1416.0 100 
-12.0 -20.0 -6.0 -4.0 4.0 15.0 39.0 74.0 75.0 105.0 127.0 196.0 122.0 205.0 225.0 232.0 1377.0 100 
6.0 41.0 77.0 199.0 2.0 53.0 171.0 284.0 -25.0 44.0 120.0 229.0 -42.0 -10.0 77.0 135.0 1361.0 100 
-1.0 4.0 30.0 119.0 5.0 35.0 125.0 208.0 5.0 67.0 134.0 245.0 7.0 75.0 130.0 190.0 1378.0 100 
-2.0 -25.0 42.0 210.0 -57.0 -23.0 126.0 325.0 -46.0 8.0 144.0 338.0 -26.0 27.0 150.0 293.0 1484.0 100 
-7.0 -4.0 17.0 66.0 -11.0 22.0 95.0 174.0 26.0 84.0 136.0 229.0 48.0 123.0 167.0 196.0 1361.0 100 
-11.0 11.0 112.0 331.0 -38.0 1.0 165.0 392.0 -51.0 -26.0 92.0 295.0 -23.0 -45.0 55.0 207.0 1467.0 100 
0.0 21.0 43.0 54.0 37.0 50.0 100.0 136.0 56.0 88.0 128.0 179.0 59.0 113.0 132.0 138.0 1334.0 100 
-4.0 -9.0 3.0 12.0 20.0 44.0 103.0 150.0 26.0 73.0 133.0 240.0 44.0 123.0 169.0 236.0 1363.0 100 
-14.0 -11.0 6.0 56.0 2.0 29.0 91.0 169.0 20.0 79.0 131.0 246.0 41.0 115.0 183.0 237.0 1380.0 100 
-7.0 -36.0 -34.0 18.0 -17.0 4.0 50.0 96.0 58.0 94.0 147.0 200.0 69.0 168.0 219.0 262.0 1291.0 100 
-4.0 1.0 16.0 36.0 41.0 55.0 102.0 121.0 56.0 94.0 129.0 219.0 78.0 138.0 155.0 186.0 1423.0 100 
6.0 52.0 40.0 46.0 70.0 81.0 112.0 103.0 112.0 102.0 89.0 90.0 67.0 99.0 92.0 74.0 1235.0 100 
-10.0 -3.0 -11.0 -8.0 -23.0 -27.0 -12.0 34.0 46.0 98.0 132.0 210.0 136.0 251.0 291.0 346.0 1450.0 100 
-1.0 -3.0 11.0 19.0 35.0 39.0 85.0 102.0 89.0 103.0 123.0 155.0 92.0 145.0 161.0 175.0 1330.0 100 
4.0 -4.0 -11.0 -2.0 31.0 38.0 61.0 82.0 79.0 103.0 133.0 200.0 120.0 191.0 206.0 221.0 1452.0 100 
5.0 0.0 -4.0 -12.0 74.0 52.0 56.0 42.0 130.0 125.0 120.0 122.0 144.0 184.0 168.0 148.0 1354.0 100 
-6.0 -6.0 -13.0 -5.0 71.0 34.0 10.0 -4.0 148.0 132.0 110.0 98.0 216.0 251.0 210.0 158.0 1404.0 100 
61.0 93.0 64.0 61.0 157.0 118.0 129.0 83.0 105.0 91.0 71.0 73.0 58.0 59.0 43.0 21.0 1287.0 100 
5.0 36.0 25.0 25.0 91.0 85.0 114.0 100.0 106.0 106.0 108.0 117.0 96.0 109.0 96.0 83.0 1302.0 100 
2.0 43.0 53.0 69.0 98.0 93.0 124.0 138.0 84.0 87.0 103.0 143.0 45.0 73.0 73.0 72.0 1300.0 100 
2.0 -13.0 -20.0 -13.0 47.0 29.0 1.0 -35.0 164.0 137.0 106.0 65.0 222.0 269.0 221.0 162.0 1344.0 100 
41.0 70.0 54.0 23.0 126.0 104.0 101.0 84.0 122.0 113.0 88.0 78.0 87.0 107.0 72.0 41.0 1311.0 100 
46.0 52.0 29.0 2.0 153.0 86.0 65.0 24.0 156.0 116.0 97.0 70.0 143.0 131.0 86.0 44.0 1300.0 100 
122.0 158.0 111.0 86.0 191.0 142.0 128.0 83.0 119.0 77.0 31.0 -5.0 46.0 21.0 -23.0 -22.0 1265.0 100 
32.0 47.0 26.0 27.0 109.0 83.0 99.0 67.0 118.0 121.0 96.0 72.0 106.0 127.0 87.0 65.0 1282.0 100 
45.0 80.0 55.0 69.0 155.0 121.0 122.0 78.0 115.0 112.0 74.0 57.0 47.0 46.0 31.0 17.0 1224.0 100 
124.0 129.0 93.0 61.0 206.0 126.0 105.0 53.0 136.0 92.0 48.0 12.0 71.0 49.0 -2.0 -3.0 1300.0 100 
81.0 108.0 82.0 46.0 165.0 128.0 116.0 65.0 144.0 106.0 61.0 5.0 90.0 73.0 30.0 -6.0 1294.0 100 
317.0 304.0 210.0 156.0 278.0 169.0 106.0 -5.0 89.0 1.0 -57.0 -86.0 -1.0 -63.0 -45.0 -25.0 1348.0 100 
84.0 100.0 59.0 44.0 185.0 123.0 107.0 43.0 149.0 121.0 62.0 36.0 84.0 69.0 30.0 -4.0 1292.0 100 
86.0 122.0 92.0 73.0 185.0 133.0 122.0 59.0 108.0 74.0 25.0 -7.0 39.0 -5.0 -33.0 -41.0 1032.0 100 
358.0 317.0 173.0 63.0 325.0 165.0 56.0 -61.0 141.0 20.0 -68.0 -95.0 5.0 -50.0 -31.0 -23.0 1295.0 100 
45.0 75.0 51.0 22.0 154.0 114.0 108.0 52.0 161.0 122.0 62.0 16.0 116.0 104.0 46.0 3.0 1251.0 100 
8.0 51.0 48.0 43.0 84.0 73.0 112.0 118.0 73.0 127.0 107.0 117.0 74.0 151.0 111.0 109.0 1406.0 100 
-12.0 15.0 63.0 253.0 -8.0 47.0 177.0 302.0 -19.0 25.0 126.0 309.0 -36.0 -28.0 76.0 175.0 1465.0 100 
-28.0 3.0 70.0 179.0 -60.0 4.0 148.0 265.0 -43.0 39.0 133.0 273.0 1.0 58.0 132.0 168.0 1342.0 100 
-9.0 -28.0 -18.0 38.0 -49.0 -19.0 68.0 168.0 5.0 72.0 156.0 297.0 62.0 177.0 240.0 308.0 1468.0 100 
30.0 66.0 63.0 96.0 65.0 69.0 125.0 137.0 74.0 84.0 93.0 112.0 36.0 78.0 74.0 64.0 1266.0 100 
2.0 35.0 36.0 38.0 42.0 73.0 109.0 137.0 68.0 103.0 105.0 167.0 71.0 120.0 123.0 133.0 1362.0 100 
-8.0 13.0 54.0 125.0 17.0 43.0 114.0 196.0 18.0 61.0 116.0 232.0 10.0 73.0 126.0 161.0 1351.0 100 
-12.0 -6.0 17.0 64.0 -15.0 3.0 103.0 213.0 -11.0 49.0 143.0 307.0 22.0 114.0 204.0 300.0 1495.0 100 
-3.0 -10.0 -23.0 -8.0 -36.0 -40.0 23.0 127.0 -5.0 58.0 150.0 298.0 58.0 191.0 277.0 359.0 1416.0 100 
-4.0 -10.0 -12.0 -25.0 -37.0 -66.0 -24.0 92.0 -24.0 44.0 140.0 301.0 73.0 233.0 360.0 486.0 1527.0 100 
-5.0 -27.0 -14.0 -2.0 -56.0 -57.0 4.0 121.0 -36.0 43.0 165.0 328.0 46.0 192.0 333.0 435.0 1470.0 100 
-10.0 -18.0 -14.0 31.0 -44.0 -45.0 36.0 148.0 -36.0 39.0 149.0 319.0 30.0 167.0 305.0 456.0 1513.0 100 
-7.0 -10.0 -3.0 -55.0 -9.0 -11.0 -56.0 -162.0 55.0 114.0 124.0 115.0 113.0 329.0 387.0 440.0 1364.0 100 
-9.0 -14.0 39.0 216.0 -33.0 -3.0 134.0 266.0 -40.0 35.0 132.0 303.0 -16.0 36.0 158.0 272.0 1476.0 100  
-5.0 3.0 57.0 175.0 -16.0 27.0 129.0 233.0 -5.0 50.0 130.0 256.0 -7.0 47.0 142.0 233.0 1449.0 100 
-4.0 -41.0 -120.0 -91.0 -1.0 5.0 -4.0 26.0 88.0 138.0 163.0 176.0 72.0 207.0 248.0 267.0 1129.0 100 
-5.0 -14.0 13.0 79.0 -24.0 18.0 86.0 176.0 5.0 72.0 130.0 236.0 39.0 109.0 174.0 198.0 1292.0 100 
-9.0 -12.0 23.0 189.0 -21.0 7.0 137.0 257.0 -33.0 27.0 135.0 318.0 -6.0 47.0 158.0 285.0 1502.0 100 
-6.0 -4.0 2.0 37.0 -17.0 4.0 71.0 149.0 1.0 71.0 136.0 253.0 34.0 146.0 224.0 300.0 1401.0 100 
-7.0 -23.0 -24.0 97.0 -18.0 -55.0 46.0 256.0 -65.0 -12.0 149.0 452.0 -12.0 78.0 261.0 477.0 1600.0 100 
-8.0 -7.0 -15.0 71.0 -21.0 -62.0 12.0 291.0 -56.0 -66.0 110.0 435.0 -8.0 44.0 291.0 559.0 1570.0 100 
-15.0 -6.0 5.0 56.0 -16.0 -3.0 78.0 209.0 -12.0 33.0 135.0 298.0 13.0 107.0 224.0 346.0 1452.0 100 
-2.0 -7.0 -12.0 1.0 -6.0 -31.0 -40.0 189.0 -53.0 -63.0 111.0 439.0 -19.0 92.0 357.0 683.0 1639.0 100 
-7.0 -4.0 32.0 125.0 -10.0 30.0 108.0 240.0 10.0 63.0 127.0 227.0 2.0 80.0 169.0 247.0 1439.0 100 
-10.0 -1.0 6.0 71.0 6.0 48.0 92.0 132.0 46.0 90.0 132.0 202.0 21.0 124.0 193.0 229.0 1381.0 100 
-5.0 -3.0 10.0 126.0 -3.0 -15.0 112.0 263.0 -40.0 9.0 136.0 302.0 -7.0 55.0 205.0 350.0 1495.0 100 
-4.0 -10.0 8.0 127.0 -4.0 -27.0 97.0 273.0 -50.0 -9.0 127.0 342.0 -8.0 62.0 226.0 408.0 1558.0 100 
-1.0 -4.0 -7.0 55.0 -20.0 -29.0 72.0 198.0 -23.0 42.0 141.0 269.0 14.0 124.0 247.0 380.0 1458.0 100 
-7.0 -13.0 -3.0 136.0 -3.0 -39.0 77.0 257.0 -49.0 8.0 135.0 348.0 -2.0 78.0 231.0 391.0 1545.0 100 
4.0 -11.0 -17.0 165.0 -6.0 -60.0 58.0 331.0 -55.0 -57.0 112.0 426.0 -19.0 -1.0 230.0 522.0 1622.0 100 
-1.0 -15.0 10.0 121.0 -12.0 -16.0 97.0 273.0 -25.0 7.0 124.0 318.0 -11.0 37.0 188.0 364.0 1459.0 100 
-2.0 -9.0 1.0 187.0 -7.0 -58.0 103.0 356.0 -55.0 -96.0 108.0 451.0 -27.0 -48.0 189.0 467.0 1560.0 100 
1.0 -11.0 12.0 101.0 -7.0 -15.0 97.0 252.0 -9.0 51.0 135.0 258.0 4.0 88.0 186.0 316.0 1459.0 100 
-6.0 -3.0 1.0 18.0 6.0 42.0 73.0 98.0 64.0 96.0 136.0 178.0 85.0 177.0 211.0 224.0 1400.0 100 
-6.0 32.0 89.0 195.0 6.0 42.0 138.0 242.0 -3.0 46.0 109.0 240.0 0.0 41.0 105.0 153.0 1429.0 100 
30.0 92.0 109.0 117.0 63.0 87.0 124.0 140.0 56.0 87.0 92.0 137.0 9.0 47.0 71.0 61.0 1322.0 100 
18.0 94.0 95.0 163.0 71.0 128.0 146.0 129.0 91.0 110.0 86.0 94.0 22.0 43.0 40.0 20.0 1350.0 100 
39.0 103.0 136.0 228.0 66.0 80.0 149.0 197.0 13.0 64.0 81.0 136.0 -5.0 5.0 34.0 34.0 1360.0 100 
24.0 103.0 142.0 238.0 32.0 74.0 166.0 221.0 15.0 43.0 79.0 143.0 0.0 3.0 32.0 42.0 1357.0 100 
102.0 173.0 171.0 167.0 132.0 125.0 126.0 112.0 60.0 50.0 48.0 92.0 6.0 0.0 -19.0 -2.0 1343.0 100 
43.0 116.0 113.0 185.0 70.0 90.0 126.0 148.0 50.0 71.0 76.0 88.0 7.0 20.0 40.0 27.0 1270.0 100 
84.0 123.0 107.0 126.0 98.0 99.0 125.0 129.0 79.0 91.0 81.0 79.0 4.0 45.0 35.0 7.0 1312.0 100 
12.0 81.0 140.0 298.0 30.0 95.0 154.0 212.0 15.0 34.0 89.0 193.0 -1.0 -3.0 20.0 48.0 1417.0 100 
-50.0 -16.0 82.0 237.0 -57.0 6.0 151.0 291.0 -22.0 42.0 142.0 281.0 -6.0 37.0 117.0 135.0 1370.0 100 
7.0 6.0 110.0 344.0 -20.0 -11.0 138.0 325.0 -27.0 -9.0 94.0 300.0 -4.0 -1.0 74.0 194.0 1520.0 100 
-10.0 -45.0 5.0 131.0 -46.0 -11.0 100.0 228.0 -1.0 72.0 159.0 298.0 10.0 95.0 214.0 242.0 1441.0 100 
-2.0 32.0 84.0 231.0 27.0 68.0 143.0 218.0 -4.0 47.0 125.0 256.0 6.0 18.0 74.0 124.0 1447.0 100 
0.0 14.0 39.0 67.0 12.0 32.0 54.0 90.0 22.0 47.0 74.0 128.0 8.0 32.0 71.0 89.0 779.0 100 
2.0 40.0 86.0 203.0 -3.0 47.0 125.0 222.0 8.0 54.0 119.0 204.0 -4.0 38.0 108.0 139.0 1388.0 100 
33.0 95.0 98.0 84.0 79.0 108.0 119.0 122.0 63.0 86.0 82.0 111.0 12.0 66.0 70.0 50.0 1278.0 100 
17.0 31.0 39.0 162.0 36.0 75.0 117.0 128.0 56.0 110.0 129.0 161.0 11.0 65.0 119.0 107.0 1363.0 100 
-19.0 38.0 158.0 238.0 -37.0 34.0 165.0 303.0 -64.0 0.0 110.0 291.0 -8.0 6.0 89.0 128.0 1432.0 100 
7.0 75.0 122.0 237.0 19.0 60.0 142.0 204.0 1.0 51.0 100.0 187.0 -5.0 15.0 63.0 108.0 1386.0 100 
8.0 48.0 85.0 158.0 24.0 68.0 123.0 167.0 37.0 84.0 114.0 182.0 3.0 53.0 105.0 112.0 1371.0 100 
-9.0 42.0 163.0 405.0 -21.0 10.0 151.0 313.0 -35.0 -18.0 97.0 288.0 -3.0 -23.0 41.0 122.0 1523.0 100 
-6.0 15.0 155.0 380.0 -33.0 -17.0 134.0 315.0 -23.0 -25.0 83.0 316.0 -3.0 -16.0 48.0 158.0 1481.0 100 
-2.0 12.0 234.0 614.0 -23.0 -65.0 117.0 408.0 -2.0 -37.0 -3.0 286.0 -10.0 -16.0 -27.0 73.0 1559.0 100 
4.0 93.0 164.0 183.0 3.0 59.0 141.0 210.0 -10.0 28.0 91.0 211.0 4.0 3.0 54.0 104.0 1342.0 100 
24.0 123.0 176.0 232.0 42.0 98.0 166.0 197.0 3.0 33.0 74.0 145.0 -4.0 -14.0 13.0 48.0 1356.0 100 
-7.0 -10.0 71.0 181.0 -19.0 23.0 121.0 218.0 -14.0 44.0 146.0 327.0 -6.0 29.0 142.0 218.0 1464.0 100 
-34.0 -30.0 140.0 391.0 -49.0 -31.0 153.0 381.0 -91.0 -64.0 128.0 432.0 -22.0 -38.0 74.0 220.0 1560.0 100 
-2.0 -11.0 -86.0 879.0 -1.0 -27.0 -154.0 570.0 -1.0 -14.0 -98.0 346.0 0.0 -2.0 -44.0 90.0 1445.0 100 
-5.0 14.0 141.0 224.0 -10.0 11.0 160.0 240.0 -22.0 -7.0 117.0 311.0 -12.0 -2.0 83.0 220.0 1463.0 100 
27.0 62.0 84.0 88.0 63.0 61.0 105.0 201.0 57.0 88.0 95.0 156.0 11.0 81.0 98.0 62.0 1339.0 100 
43.0 107.0 114.0 224.0 66.0 83.0 137.0 190.0 19.0 62.0 97.0 148.0 -15.0 3.0 30.0 7.0 1315.0 100 
24.0 78.0 100.0 147.0 43.0 67.0 118.0 168.0 48.0 84.0 104.0 148.0 2.0 31.0 64.0 32.0 1258.0 100 
0.0 8.0 9.0 103.0 56.0 64.0 104.0 134.0 83.0 145.0 131.0 151.0 17.0 74.0 73.0 15.0 1167.0 100 
-1.0 52.0 88.0 273.0 4.0 59.0 153.0 233.0 5.0 47.0 112.0 218.0 -7.0 0.0 59.0 95.0 1390.0 100 
-11.0 -55.0 -91.0 -85.0 30.0 29.0 51.0 44.0 99.0 148.0 151.0 170.0 47.0 154.0 187.0 123.0 991.0 100 
-1.0 89.0 170.0 306.0 -22.0 49.0 157.0 278.0 -33.0 20.0 98.0 242.0 -7.0 1.0 42.0 32.0 1421.0 100 
-40.0 33.0 162.0 347.0 -55.0 15.0 157.0 321.0 -42.0 7.0 131.0 295.0 -8.0 0.0 54.0 77.0 1454.0 100 
-12.0 2.0 197.0 501.0 -47.0 -65.0 150.0 438.0 -60.0 -86.0 48.0 448.0 -6.0 -59.0 -21.0 165.0 1593.0 100 
-30.0 -75.0 228.0 932.0 -51.0 -97.0 58.0 592.0 -68.0 -67.0 -50.0 448.0 -12.0 -33.0 -31.0 35.0 1779.0 100 
121.0 277.0 350.0 511.0 103.0 182.0 296.0 384.0 28.0 96.0 155.0 282.0 -9.0 0.0 52.0 69.0 2897.0 200 
5.0 221.0 404.0 696.0 -38.0 101.0 363.0 574.0 -72.0 -35.0 167.0 500.0 -29.0 -84.0 10.0 210.0 2993.0 200 
122.0 312.0 361.0 548.0 68.0 169.0 304.0 411.0 -8.0 61.0 161.0 306.0 -1.0 -30.0 35.0 72.0 2891.0 200 
47.0 195.0 286.0 424.0 43.0 141.0 302.0 406.0 15.0 101.0 202.0 374.0 1.0 34.0 137.0 193.0 2901.0 200 
21.0 157.0 261.0 404.0 17.0 124.0 293.0 417.0 25.0 113.0 213.0 367.0 3.0 60.0 167.0 242.0 2884.0 200 
127.0 320.0 393.0 577.0 43.0 168.0 317.0 438.0 -26.0 24.0 155.0 314.0 5.0 -13.0 15.0 48.0 2905.0 200 
193.0 288.0 275.0 331.0 188.0 206.0 256.0 252.0 115.0 162.0 143.0 148.0 32.0 56.0 64.0 39.0 2748.0 200 
151.0 296.0 341.0 372.0 131.0 185.0 270.0 332.0 41.0 108.0 151.0 241.0 5.0 26.0 60.0 57.0 2767.0 200 
107.0 180.0 197.0 259.0 128.0 171.0 240.0 277.0 129.0 198.0 205.0 264.0 44.0 121.0 155.0 95.0 2770.0 200 
126.0 210.0 219.0 292.0 144.0 185.0 277.0 282.0 114.0 196.0 218.0 264.0 15.0 74.0 110.0 77.0 2803.0 200 
139.0 202.0 219.0 290.0 169.0 196.0 265.0 304.0 145.0 209.0 202.0 233.0 25.0 68.0 87.0 39.0 2792.0 200 
148.0 218.0 197.0 272.0 188.0 202.0 237.0 230.0 149.0 177.0 172.0 185.0 58.0 97.0 102.0 78.0 2710.0 200 
179.0 263.0 267.0 316.0 186.0 199.0 253.0 266.0 116.0 156.0 165.0 211.0 24.0 63.0 79.0 47.0 2790.0 200 
38.0 321.0 460.0 985.0 -64.0 46.0 328.0 613.0 -57.0 -82.0 83.0 403.0 -6.0 -14.0 -29.0 65.0 3090.0 200 
113.0 206.0 214.0 266.0 125.0 183.0 252.0 282.0 89.0 170.0 233.0 305.0 15.0 96.0 156.0 150.0 2855.0 200 
232.0 372.0 301.0 164.0 422.0 427.0 492.0 343.0 341.0 468.0 455.0 345.0 152.0 283.0 290.0 136.0 5223.0 200 
138.0 327.0 297.0 204.0 263.0 370.0 481.0 389.0 282.0 400.0 475.0 404.0 130.0 295.0 330.0 184.0 4969.0 200 
172.0 278.0 281.0 231.0 260.0 401.0 550.0 475.0 379.0 575.0 636.0 585.0 250.0 533.0 610.0 443.0 6659.0 200 
103.0 281.0 303.0 229.0 243.0 396.0 529.0 459.0 271.0 439.0 500.0 509.0 156.0 327.0 365.0 268.0 5378.0 200 
200.0 260.0 186.0 37.0 281.0 246.0 252.0 60.0 240.0 231.0 197.0 148.0 107.0 154.0 115.0 84.0 2798.0 200 
210.0 201.0 128.0 113.0 255.0 191.0 215.0 115.0 261.0 255.0 193.0 114.0 160.0 212.0 147.0 58.0 2828.0 200 
81.0 181.0 223.0 364.0 127.0 162.0 268.0 315.0 84.0 152.0 205.0 329.0 24.0 77.0 116.0 151.0 2859.0 200 
242.0 382.0 371.0 465.0 196.0 211.0 296.0 287.0 78.0 98.0 108.0 138.0 -4.0 -11.0 2.0 10.0 2869.0 200 
76.0 136.0 147.0 190.0 137.0 156.0 231.0 234.0 137.0 192.0 214.0 284.0 105.0 194.0 179.0 190.0 2802.0 200 
48.0 126.0 188.0 253.0 110.0 158.0 254.0 294.0 88.0 165.0 234.0 345.0 67.0 139.0 184.0 204.0 2857.0 200 
48.0 118.0 165.0 241.0 105.0 138.0 235.0 282.0 108.0 183.0 231.0 330.0 69.0 167.0 206.0 241.0 2867.0 200 
136.0 221.0 237.0 296.0 182.0 181.0 251.0 256.0 128.0 164.0 172.0 216.0 52.0 104.0 98.0 85.0 2779.0 200 
21.0 138.0 277.0 447.0 11.0 124.0 294.0 435.0 -4.0 96.0 226.0 432.0 -3.0 43.0 143.0 259.0 2939.0 200 
-4.0 44.0 128.0 262.0 52.0 116.0 235.0 340.0 82.0 198.0 283.0 453.0 49.0 178.0 241.0 301.0 2958.0 200 
67.0 118.0 113.0 181.0 146.0 147.0 215.0 214.0 166.0 213.0 211.0 262.0 122.0 196.0 211.0 194.0 2776.0 200 
16.0 69.0 118.0 174.0 106.0 126.0 212.0 245.0 132.0 200.0 230.0 331.0 101.0 216.0 244.0 272.0 2792.0 200 
122.0 160.0 147.0 167.0 223.0 177.0 211.0 197.0 187.0 211.0 206.0 245.0 127.0 162.0 137.0 107.0 2786.0 200 
124.0 220.0 250.0 401.0 127.0 166.0 284.0 323.0 61.0 125.0 182.0 277.0 12.0 40.0 79.0 87.0 2758.0 200 
17.0 55.0 94.0 197.0 63.0 110.0 211.0 304.0 92.0 172.0 245.0 384.0 90.0 212.0 265.0 337.0 2848.0 200 
13.0 81.0 165.0 298.0 20.0 106.0 259.0 390.0 33.0 151.0 249.0 415.0 48.0 152.0 234.0 288.0 2902.0 200 
62.0 143.0 171.0 256.0 132.0 157.0 237.0 272.0 115.0 159.0 194.0 287.0 79.0 150.0 159.0 179.0 2752.0 200 
170.0 193.0 162.0 114.0 233.0 173.0 194.0 153.0 190.0 193.0 148.0 132.0 105.0 157.0 110.0 67.0 2494.0 200 
7.0 50.0 95.0 209.0 54.0 107.0 224.0 298.0 94.0 188.0 256.0 382.0 94.0 214.0 263.0 306.0 2841.0 200 
-14.0 17.0 138.0 375.0 -36.0 65.0 265.0 447.0 -10.0 124.0 272.0 525.0 -2.0 134.0 268.0 441.0 3009.0 200 
12.0 87.0 154.0 351.0 41.0 114.0 256.0 359.0 49.0 151.0 239.0 395.0 43.0 130.0 194.0 279.0 2854.0 200 
29.0 98.0 154.0 276.0 84.0 129.0 243.0 326.0 86.0 165.0 233.0 373.0 66.0 155.0 204.0 248.0 2869.0 200 
28.0 177.0 286.0 529.0 41.0 132.0 299.0 436.0 -3.0 76.0 208.0 422.0 -11.0 17.0 94.0 186.0 2917.0 200 
60.0 130.0 169.0 225.0 131.0 142.0 234.0 266.0 126.0 186.0 207.0 287.0 87.0 159.0 178.0 177.0 2764.0 200 
132.0 170.0 127.0 104.0 204.0 171.0 194.0 159.0 226.0 237.0 172.0 150.0 175.0 209.0 159.0 116.0 2705.0 200 
21.0 71.0 97.0 136.0 115.0 116.0 207.0 250.0 145.0 212.0 237.0 319.0 146.0 236.0 240.0 230.0 2778.0 200 
124.0 191.0 188.0 240.0 188.0 181.0 238.0 240.0 146.0 180.0 177.0 217.0 81.0 125.0 124.0 99.0 2739.0 200 
-27.0 95.0 239.0 397.0 -3.0 114.0 320.0 467.0 18.0 135.0 258.0 443.0 8.0 87.0 136.0 195.0 2882.0 200 
40.0 125.0 209.0 328.0 60.0 125.0 270.0 358.0 42.0 129.0 207.0 325.0 28.0 111.0 149.0 182.0 2688.0 200 
55.0 121.0 142.0 220.0 143.0 152.0 236.0 271.0 139.0 183.0 201.0 261.0 97.0 167.0 171.0 184.0 2743.0 200 
18.0 65.0 103.0 240.0 66.0 111.0 228.0 309.0 86.0 179.0 240.0 377.0 83.0 190.0 247.0 303.0 2845.0 200 
2.0 61.0 128.0 287.0 35.0 100.0 237.0 346.0 71.0 168.0 255.0 415.0 58.0 172.0 241.0 317.0 2893.0 200 
58.0 129.0 168.0 264.0 141.0 163.0 239.0 275.0 114.0 172.0 205.0 300.0 64.0 136.0 162.0 178.0 2768.0 200 
25.0 160.0 287.0 595.0 10.0 124.0 315.0 479.0 -23.0 80.0 208.0 441.0 -4.0 -4.0 87.0 178.0 2958.0 200 
15.0 200.0 427.0 671.0 -19.0 86.0 324.0 538.0 -21.0 -12.0 157.0 446.0 -2.0 -18.0 32.0 199.0 3023.0 200 
63.0 159.0 223.0 284.0 111.0 154.0 243.0 292.0 84.0 159.0 211.0 330.0 29.0 97.0 139.0 172.0 2750.0 200 
84.0 126.0 102.0 111.0 183.0 171.0 211.0 187.0 213.0 244.0 227.0 249.0 141.0 225.0 187.0 140.0 2801.0 200 
267.0 225.0 99.0 32.0 350.0 208.0 169.0 31.0 325.0 250.0 133.0 18.0 224.0 226.0 107.0 17.0 2681.0 200 
295.0 239.0 101.0 -26.0 398.0 215.0 146.0 3.0 357.0 252.0 122.0 27.0 287.0 246.0 88.0 8.0 2758.0 200 
139.0 122.0 46.0 54.0 248.0 153.0 153.0 86.0 213.0 207.0 168.0 137.0 187.0 209.0 164.0 75.0 2361.0 200 
35.0 70.0 77.0 148.0 130.0 133.0 206.0 222.0 159.0 217.0 232.0 284.0 147.0 245.0 239.0 214.0 2758.0 200 
328.0 252.0 103.0 -16.0 202.0 66.0 -43.0 -188.0 61.0 -62.0 -162.0 -288.0 -17.0 -98.0 -118.0 -76.0 -56.0 200 
137.0 197.0 192.0 225.0 211.0 190.0 227.0 223.0 134.0 158.0 146.0 165.0 106.0 141.0 96.0 78.0 2626.0 200 
327.0 393.0 312.0 321.0 318.0 259.0 263.0 229.0 161.0 131.0 65.0 38.0 36.0 -22.0 -61.0 -53.0 2717.0 200 
436.0 467.0 341.0 447.0 305.0 262.0 277.0 240.0 74.0 57.0 22.0 16.0 -6.0 -17.0 -11.0 -7.0 2903.0 200 
214.0 281.0 264.0 330.0 218.0 193.0 259.0 251.0 150.0 169.0 156.0 177.0 38.0 66.0 62.0 23.0 2851.0 200 
229.0 318.0 310.0 367.0 216.0 197.0 273.0 284.0 115.0 126.0 120.0 166.0 13.0 46.0 27.0 10.0 2817.0 200 
231.0 317.0 284.0 343.0 230.0 209.0 266.0 251.0 149.0 139.0 116.0 111.0 27.0 31.0 20.0 15.0 2739.0 200 
194.0 262.0 237.0 337.0 211.0 191.0 258.0 266.0 131.0 156.0 147.0 189.0 51.0 80.0 53.0 26.0 2789.0 200 
271.0 468.0 527.0 720.0 138.0 191.0 320.0 411.0 -39.0 -35.0 23.0 131.0 -8.0 -64.0 -46.0 -13.0 2995.0 200 
193.0 287.0 292.0 324.0 201.0 198.0 263.0 286.0 112.0 127.0 138.0 147.0 34.0 73.0 52.0 22.0 2749.0 200 
240.0 402.0 406.0 499.0 175.0 203.0 286.0 337.0 48.0 61.0 80.0 109.0 -3.0 -18.0 -17.0 -6.0 2802.0 200 
271.0 356.0 318.0 409.0 216.0 216.0 274.0 276.0 110.0 123.0 115.0 127.0 7.0 18.0 11.0 -5.0 2842.0 200 
260.0 352.0 288.0 349.0 280.0 247.0 272.0 250.0 136.0 136.0 103.0 100.0 36.0 12.0 -7.0 -1.0 2813.0 200 
289.0 373.0 325.0 395.0 235.0 223.0 276.0 282.0 113.0 122.0 91.0 87.0 17.0 16.0 5.0 -5.0 2844.0 200 
61.0 154.0 201.0 339.0 113.0 161.0 266.0 345.0 93.0 157.0 207.0 325.0 25.0 110.0 147.0 132.0 2836.0 200 
31.0 173.0 251.0 399.0 62.0 142.0 281.0 412.0 33.0 120.0 181.0 323.0 18.0 67.0 131.0 166.0 2790.0 200 
25.0 207.0 347.0 525.0 42.0 141.0 314.0 499.0 -12.0 65.0 170.0 358.0 -14.0 -16.0 71.0 133.0 2855.0 200 
189.0 311.0 304.0 449.0 212.0 230.0 289.0 313.0 98.0 114.0 120.0 182.0 9.0 5.0 17.0 13.0 2855.0 200 
250.0 374.0 325.0 403.0 260.0 247.0 278.0 271.0 117.0 115.0 89.0 105.0 14.0 5.0 -20.0 -9.0 2824.0 200 
-139.0 -102.0 -24.0 195.0 -5.0 52.0 180.0 305.0 41.0 136.0 193.0 256.0 64.0 169.0 201.0 164.0 1686.0 200 
66.0 226.0 305.0 557.0 36.0 136.0 320.0 518.0 2.0 71.0 178.0 376.0 -11.0 4.0 61.0 110.0 2955.0 200 
26.0 93.0 135.0 261.0 89.0 135.0 235.0 321.0 97.0 175.0 243.0 377.0 50.0 161.0 237.0 258.0 2893.0 200 
-60.0 -199.0 -279.0 -476.0 -51.0 -153.0 -272.0 -432.0 -37.0 -106.0 -189.0 -332.0 -8.0 -58.0 -115.0 -111.0 -2878.0 200 
204.0 263.0 249.0 401.0 169.0 200.0 296.0 328.0 87.0 159.0 166.0 218.0 5.0 42.0 53.0 15.0 2855.0 200 
138.0 236.0 245.0 504.0 102.0 157.0 309.0 401.0 44.0 133.0 178.0 255.0 -7.0 31.0 63.0 41.0 2830.0 200 
267.0 289.0 209.0 269.0 262.0 224.0 246.0 217.0 171.0 182.0 169.0 141.0 62.0 80.0 62.0 -1.0 2849.0 200 
329.0 367.0 271.0 253.0 289.0 229.0 238.0 196.0 174.0 163.0 99.0 55.0 38.0 44.0 13.0 0.0 2758.0 200 
605.0 520.0 280.0 217.0 492.0 294.0 155.0 -34.0 264.0 147.0 -4.0 -29.0 22.0 -26.0 -20.0 -2.0 2881.0 200 
368.0 380.0 311.0 333.0 288.0 250.0 259.0 218.0 150.0 130.0 87.0 37.0 0.0 -1.0 -8.0 4.0 2806.0 200 
295.0 282.0 206.0 233.0 270.0 222.0 225.0 190.0 230.0 208.0 144.0 77.0 81.0 83.0 38.0 -4.0 2780.0 200 
497.0 535.0 454.0 598.0 275.0 248.0 241.0 216.0 12.0 -15.0 -31.0 -27.0 -7.0 -25.0 -24.0 -9.0 2938.0 200 
375.0 395.0 368.0 436.0 245.0 243.0 291.0 310.0 73.0 85.0 56.0 35.0 -3.0 -12.0 -17.0 -6.0 2874.0 200 
203.0 269.0 248.0 384.0 178.0 215.0 281.0 345.0 98.0 148.0 169.0 243.0 -3.0 23.0 39.0 6.0 2846.0 200 
161.0 211.0 181.0 289.0 175.0 198.0 265.0 296.0 132.0 176.0 192.0 246.0 30.0 88.0 115.0 64.0 2819.0 200 
186.0 244.0 195.0 245.0 208.0 215.0 243.0 234.0 167.0 207.0 192.0 181.0 33.0 88.0 103.0 52.0 2793.0 200 
168.0 306.0 329.0 610.0 102.0 173.0 299.0 434.0 27.0 82.0 146.0 272.0 -11.0 -9.0 16.0 15.0 2959.0 200 
80.0 189.0 238.0 440.0 93.0 156.0 283.0 406.0 44.0 123.0 212.0 353.0 2.0 39.0 110.0 115.0 2883.0 200 
213.0 237.0 179.0 251.0 203.0 200.0 242.0 217.0 178.0 211.0 170.0 122.0 59.0 99.0 98.0 37.0 2716.0 200 
60.0 77.0 61.0 118.0 136.0 159.0 209.0 218.0 209.0 251.0 259.0 271.0 119.0 207.0 243.0 157.0 2754.0 200 
249.0 322.0 293.0 535.0 165.0 209.0 283.0 354.0 60.0 104.0 135.0 195.0 -5.0 -3.0 6.0 1.0 2903.0 200 
157.0 235.0 222.0 359.0 139.0 194.0 265.0 322.0 102.0 162.0 188.0 254.0 12.0 54.0 91.0 97.0 2853.0 200 
116.0 176.0 153.0 381.0 115.0 172.0 271.0 373.0 96.0 182.0 234.0 350.0 -4.0 51.0 98.0 105.0 2869.0 200 
152.0 281.0 309.0 580.0 82.0 170.0 302.0 459.0 12.0 62.0 149.0 309.0 -2.0 -13.0 24.0 42.0 2918.0 200 
172.0 274.0 279.0 500.0 104.0 165.0 305.0 436.0 32.0 105.0 159.0 265.0 -1.0 3.0 36.0 43.0 2877.0 200 
128.0 215.0 191.0 316.0 139.0 188.0 282.0 310.0 107.0 173.0 214.0 327.0 -5.0 52.0 105.0 109.0 2851.0 200 
200.0 219.0 187.0 268.0 204.0 222.0 288.0 302.0 147.0 196.0 194.0 255.0 6.0 50.0 52.0 38.0 2828.0 200 
210.0 318.0 344.0 495.0 101.0 181.0 313.0 434.0 14.0 80.0 102.0 182.0 3.0 -16.0 6.0 21.0 2788.0 200 
257.0 292.0 241.0 462.0 192.0 211.0 277.0 289.0 113.0 150.0 161.0 188.0 7.0 11.0 20.0 8.0 2879.0 200 
259.0 311.0 278.0 323.0 208.0 236.0 263.0 247.0 97.0 163.0 149.0 178.0 -3.0 17.0 23.0 18.0 2767.0 200 
375.0 333.0 219.0 247.0 310.0 263.0 238.0 158.0 210.0 209.0 119.0 68.0 4.0 3.0 -4.0 2.0 2754.0 200 
381.0 390.0 313.0 406.0 278.0 243.0 253.0 207.0 118.0 107.0 75.0 72.0 -2.0 -9.0 0.0 2.0 2834.0 200 
465.0 578.0 658.0 1020.0 34.0 68.0 180.0 325.0 -14.0 -29.0 -26.0 -38.0 -7.0 -8.0 -5.0 -6.0 3195.0 200 
-35.0 -110.0 -55.0 159.0 -40.0 -45.0 163.0 422.0 -9.0 176.0 389.0 689.0 26.0 274.0 512.0 713.0 3229.0 200 
-6.0 40.0 147.0 261.0 -14.0 85.0 226.0 365.0 9.0 166.0 251.0 425.0 37.0 196.0 326.0 456.0 2970.0 200 
77.0 83.0 52.0 66.0 168.0 166.0 213.0 189.0 194.0 244.0 235.0 265.0 162.0 272.0 276.0 244.0 2906.0 200 
383.0 236.0 55.0 -3.0 437.0 251.0 142.0 -11.0 349.0 275.0 106.0 -7.0 298.0 206.0 61.0 -8.0 2770.0 200 
317.0 213.0 44.0 5.0 371.0 233.0 162.0 22.0 303.0 284.0 118.0 19.0 246.0 216.0 104.0 15.0 2672.0 200 
336.0 165.0 -1.0 -9.0 480.0 247.0 96.0 -18.0 422.0 303.0 68.0 -67.0 396.0 275.0 49.0 -62.0 2680.0 200 
193.0 -8.0 -4.0 1.0 430.0 93.0 -76.0 -31.0 550.0 291.0 -8.0 -46.0 824.0 554.0 152.0 0.0 2915.0 200 
254.0 216.0 88.0 61.0 249.0 217.0 246.0 146.0 164.0 206.0 207.0 150.0 127.0 144.0 160.0 115.0 2750.0 200 
229.0 190.0 77.0 16.0 330.0 227.0 205.0 95.0 259.0 228.0 161.0 116.0 234.0 235.0 136.0 51.0 2789.0 200 
37.0 50.0 40.0 48.0 24.0 25.0 47.0 76.0 -26.0 -9.0 10.0 37.0 -35.0 -29.0 3.0 8.0 306.0 200 
273.0 247.0 154.0 94.0 280.0 203.0 211.0 149.0 204.0 204.0 148.0 94.0 155.0 178.0 108.0 30.0 2732.0 200 
295.0 240.0 83.0 34.0 327.0 220.0 219.0 100.0 235.0 209.0 187.0 92.0 246.0 186.0 104.0 30.0 2807.0 200 
571.0 415.0 178.0 8.0 552.0 312.0 175.0 -29.0 361.0 194.0 -1.0 -47.0 215.0 27.0 -108.0 -62.0 2761.0 200 
263.0 234.0 136.0 63.0 292.0 203.0 242.0 156.0 167.0 218.0 196.0 126.0 103.0 151.0 136.0 42.0 2728.0 200 
103.0 69.0 6.0 -10.0 266.0 183.0 130.0 45.0 285.0 294.0 196.0 135.0 257.0 318.0 266.0 163.0 2706.0 200 
169.0 125.0 28.0 -2.0 278.0 189.0 181.0 58.0 256.0 262.0 177.0 98.0 269.0 283.0 221.0 131.0 2723.0 200 
-214.0 -103.0 -3.0 10.0 -338.0 -181.0 -91.0 29.0 -353.0 -297.0 -153.0 -36.0 -397.0 -364.0 -241.0 -79.0 -2811.0 200 
97.0 106.0 63.0 58.0 161.0 146.0 186.0 190.0 179.0 235.0 218.0 262.0 156.0 274.0 277.0 261.0 2869.0 200 
71.0 46.0 7.0 -8.0 205.0 130.0 101.0 38.0 250.0 258.0 214.0 174.0 329.0 434.0 356.0 241.0 2846.0 200 
163.0 108.0 17.0 -5.0 272.0 176.0 128.0 40.0 258.0 260.0 190.0 123.0 333.0 359.0 272.0 146.0 2840.0 200 
125.0 35.0 -7.0 -11.0 300.0 132.0 31.0 -30.0 358.0 297.0 170.0 34.0 516.0 493.0 323.0 138.0 2904.0 200 
68.0 -31.0 -13.0 -4.0 304.0 84.0 -90.0 -46.0 470.0 300.0 109.0 -27.0 811.0 587.0 364.0 104.0 2990.0 200 
194.0 143.0 55.0 15.0 295.0 194.0 166.0 58.0 245.0 226.0 185.0 112.0 256.0 276.0 207.0 95.0 2722.0 200 
118.0 76.0 29.0 32.0 221.0 149.0 150.0 97.0 223.0 236.0 226.0 198.0 227.0 292.0 262.0 190.0 2726.0 200 
134.0 104.0 38.0 8.0 228.0 182.0 179.0 112.0 209.0 214.0 208.0 194.0 225.0 282.0 243.0 187.0 2747.0 200 
351.0 241.0 80.0 -2.0 377.0 240.0 181.0 15.0 309.0 226.0 141.0 2.0 267.0 213.0 98.0 -11.0 2728.0 200 
357.0 284.0 136.0 50.0 377.0 242.0 197.0 25.0 292.0 223.0 125.0 -36.0 208.0 192.0 56.0 -34.0 2694.0 200 
56.0 72.0 32.0 54.0 137.0 134.0 191.0 184.0 164.0 211.0 233.0 278.0 173.0 258.0 283.0 298.0 2758.0 200 
89.0 111.0 111.0 189.0 127.0 134.0 224.0 263.0 103.0 176.0 234.0 314.0 90.0 168.0 209.0 210.0 2752.0 200 
-12.0 43.0 52.0 153.0 11.0 93.0 225.0 337.0 48.0 158.0 278.0 453.0 61.0 216.0 330.0 443.0 2889.0 200 
18.0 28.0 35.0 34.0 71.0 84.0 154.0 197.0 143.0 220.0 234.0 310.0 208.0 329.0 361.0 361.0 2787.0 200 
63.0 81.0 71.0 81.0 151.0 126.0 186.0 212.0 137.0 204.0 229.0 334.0 128.0 223.0 248.0 267.0 2741.0 200 
157.0 175.0 136.0 121.0 183.0 165.0 229.0 228.0 138.0 195.0 192.0 231.0 99.0 161.0 160.0 145.0 2715.0 200 
140.0 152.0 134.0 158.0 168.0 152.0 226.0 208.0 128.0 179.0 205.0 221.0 107.0 182.0 177.0 163.0 2700.0 200 
-1.0 -13.0 19.0 109.0 -56.0 36.0 180.0 312.0 31.0 177.0 293.0 466.0 105.0 286.0 431.0 570.0 2945.0 200 
34.0 98.0 125.0 221.0 47.0 121.0 265.0 352.0 37.0 152.0 233.0 388.0 32.0 133.0 233.0 335.0 2806.0 200 
130.0 93.0 33.0 0.0 236.0 163.0 145.0 80.0 245.0 277.0 206.0 156.0 257.0 299.0 243.0 163.0 2726.0 200 
104.0 117.0 89.0 107.0 177.0 153.0 203.0 195.0 181.0 232.0 215.0 229.0 144.0 213.0 195.0 186.0 2740.0 200 
178.0 183.0 101.0 79.0 241.0 181.0 202.0 161.0 189.0 207.0 186.0 203.0 154.0 189.0 161.0 121.0 2736.0 200 
-22.0 1.0 105.0 335.0 -54.0 101.0 351.0 655.0 2.0 228.0 454.0 854.0 79.0 284.0 446.0 916.0 4735.0 300 
138.0 324.0 373.0 530.0 168.0 263.0 442.0 508.0 90.0 213.0 307.0 459.0 24.0 110.0 218.0 261.0 4428.0 300 
-3.0 52.0 63.0 161.0 130.0 152.0 279.0 399.0 200.0 291.0 409.0 584.0 229.0 412.0 473.0 638.0 4469.0 300 
20.0 211.0 381.0 656.0 -1.0 175.0 481.0 594.0 10.0 188.0 386.0 641.0 -9.0 71.0 288.0 498.0 4590.0 300 
-4.0 25.0 39.0 104.0 147.0 207.0 358.0 455.0 267.0 397.0 459.0 667.0 221.0 310.0 313.0 406.0 4371.0 300 
92.0 97.0 37.0 15.0 295.0 285.0 316.0 265.0 330.0 365.0 339.0 397.0 294.0 356.0 327.0 301.0 4111.0 300 
-24.0 -41.0 -41.0 -3.0 -12.0 9.0 135.0 318.0 137.0 299.0 447.0 745.0 321.0 605.0 714.0 1064.0 4673.0 300 
15.0 59.0 57.0 86.0 180.0 217.0 322.0 369.0 234.0 284.0 358.0 539.0 299.0 413.0 419.0 531.0 4382.0 300 
218.0 352.0 348.0 492.0 122.0 231.0 425.0 517.0 21.0 108.0 223.0 389.0 -32.0 38.0 115.0 158.0 3725.0 300 
-24.0 52.0 173.0 506.0 -10.0 157.0 481.0 795.0 -84.0 109.0 414.0 900.0 -126.0 38.0 324.0 761.0 4466.0 300 
