298.0 10
278.0 10
274.0 10
258.0 10
280.0 10
324.0 10
282.0 10
274.0 10
232.0 10
294.0 10
244.0 10
282.0 10
238.0 10
266.0 10
264.0 10
262.0 10
278.0 10
280.0 10
236.0 10
318.0 10
318.0 10
250.0 10
298.0 10
322.0 10
266.0 10
248.0 10
240.0 10
246.0 10
322.0 10
246.0 10
306.0 10
204.0 10
230.0 10
272.0 10
244.0 10
204.0 10
264.0 10
272.0 10
268.0 10
246.0 10
276.0 10
268.0 10
314.0 10
218.0 10
322.0 10
260.0 10
266.0 10
226.0 10
264.0 10
312.0 10
296.0 10
228.0 10
196.0 10
270.0 10
276.0 10
200.0 10
300.0 10
260.0 10
272.0 10
288.0 10
194.0 10
268.0 10
202.0 10
272.0 10
258.0 10
242.0 10
274.0 10
214.0 10
220.0 10
318.0 10
276.0 10
270.0 10
256.0 10
246.0 10
226.0 10
260.0 10
254.0 10
338.0 10
292.0 10
198.0 10
294.0 10
252.0 10
274.0 10
204.0 10
240.0 10
272.0 10
192.0 10
268.0 10
282.0 10
256.0 10
278.0 10
240.0 10
254.0 10
216.0 10
246.0 10
232.0 10
296.0 10
206.0 10
228.0 10
256.0 10
278.0 10
298.0 10
228.0 10
172.0 10
284.0 10
244.0 10
308.0 10
254.0 10
262.0 10
296.0 10
248.0 10
280.0 10
236.0 10
192.0 10
248.0 10
240.0 10
276.0 10
196.0 10
310.0 10
268.0 10
284.0 10
174.0 10
178.0 10
226.0 10
228.0 10
260.0 10
296.0 10
298.0 10
280.0 10
244.0 10
218.0 10
254.0 10
200.0 10
278.0 10
244.0 10
228.0 10
230.0 10
300.0 10
282.0 10
256.0 10
312.0 10
236.0 10
512.0 20
496.0 20
472.0 20
552.0 20
564.0 20
482.0 20
558.0 20
480.0 20
462.0 20
434.0 20
504.0 20
416.0 20
442.0 20
490.0 20
446.0 20
516.0 20
486.0 20
554.0 20
470.0 20
492.0 20
474.0 20
532.0 20
476.0 20
500.0 20
504.0 20
554.0 20
538.0 20
576.0 20
526.0 20
494.0 20
444.0 20
522.0 20
478.0 20
460.0 20
574.0 20
424.0 20
434.0 20
536.0 20
532.0 20
494.0 20
530.0 20
530.0 20
468.0 20
528.0 20
472.0 20
486.0 20
516.0 20
560.0 20
500.0 20
504.0 20
564.0 20
500.0 20
448.0 20
500.0 20
424.0 20
566.0 20
550.0 20
532.0 20
472.0 20
522.0 20
496.0 20
498.0 20
466.0 20
584.0 20
510.0 20
620.0 20
522.0 20
518.0 20
524.0 20
486.0 20
516.0 20
512.0 20
514.0 20
538.0 20
510.0 20
556.0 20
510.0 20
592.0 20
492.0 20
514.0 20
494.0 20
532.0 20
416.0 20
540.0 20
566.0 20
544.0 20
518.0 20
544.0 20
584.0 20
612.0 20
514.0 20
498.0 20
566.0 20
440.0 20
542.0 20
612.0 20
490.0 20
388.0 20
526.0 20
546.0 20
570.0 20
546.0 20
452.0 20
534.0 20
500.0 20
518.0 20
540.0 20
470.0 20
510.0 20
518.0 20
492.0 20
500.0 20
568.0 20
520.0 20
394.0 20
552.0 20
580.0 20
424.0 20
450.0 20
536.0 20
590.0 20
536.0 20
504.0 20
510.0 20
476.0 20
522.0 20
510.0 20
546.0 20
478.0 20
526.0 20
454.0 20
488.0 20
482.0 20
544.0 20
444.0 20
522.0 20
544.0 20
474.0 20
496.0 20
502.0 20
514.0 20
486.0 20
492.0 20
468.0 20
516.0 20
570.0 20
514.0 20
524.0 20
464.0 20
552.0 20
460.0 20
538.0 20
512.0 20
532.0 20
476.0 20
536.0 20
530.0 20
1272.0 50
1184.0 50
1224.0 50
1176.0 50
1252.0 50
1318.0 50
1202.0 50
1314.0 50
1238.0 50
1268.0 50
1178.0 50
1216.0 50
1268.0 50
1270.0 50
1252.0 50
1194.0 50
1334.0 50
1194.0 50
1218.0 50
1302.0 50
1200.0 50
1184.0 50
1012.0 50
1252.0 50
1220.0 50
1178.0 50
1084.0 50
1200.0 50
1338.0 50
1268.0 50
1258.0 50
1326.0 50
1282.0 50
1214.0 50
1372.0 50
1336.0 50
1160.0 50
1288.0 50
1174.0 50
1230.0 50
1120.0 50
1374.0 50
1268.0 50
1284.0 50
1260.0 50
1192.0 50
1300.0 50
1302.0 50
1188.0 50
1290.0 50
1280.0 50
1252.0 50
1262.0 50
1246.0 50
1228.0 50
1298.0 50
1330.0 50
1378.0 50
1306.0 50
1294.0 50
1292.0 50
1190.0 50
1220.0 50
1290.0 50
1164.0 50
1244.0 50
1256.0 50
1216.0 50
1246.0 50
1344.0 50
1352.0 50
1278.0 50
1288.0 50
1202.0 50
1344.0 50
1274.0 50
1330.0 50
1266.0 50
1338.0 50
1238.0 50
1236.0 50
1292.0 50
1276.0 50
1264.0 50
1286.0 50
1246.0 50
1342.0 50
1334.0 50
1262.0 50
1166.0 50
1220.0 50
1280.0 50
1192.0 50
1300.0 50
1148.0 50
1224.0 50
1270.0 50
1232.0 50
1278.0 50
1278.0 50
1228.0 50
1274.0 50
1228.0 50
1212.0 50
1248.0 50
1156.0 50
1208.0 50
1282.0 50
1226.0 50
1198.0 50
1204.0 50
1250.0 50
1172.0 50
1330.0 50
1260.0 50
1194.0 50
1238.0 50
1302.0 50
1234.0 50
1230.0 50
1250.0 50
1272.0 50
1232.0 50
1338.0 50
1268.0 50
1378.0 50
1260.0 50
1216.0 50
1340.0 50
1358.0 50
1252.0 50
1284.0 50
1266.0 50
1326.0 50
1304.0 50
1398.0 50
1340.0 50
2684.0 100
2580.0 100
2508.0 100
2584.0 100
2528.0 100
2532.0 100
2492.0 100
2396.0 100
2530.0 100
2508.0 100
2494.0 100
2892.0 100
2538.0 100
2494.0 100
2596.0 100
2492.0 100
2640.0 100
2522.0 100
2544.0 100
2672.0 100
2574.0 100
2588.0 100
2484.0 100
2580.0 100
2474.0 100
2598.0 100
2796.0 100
2600.0 100
2508.0 100
2512.0 100
2684.0 100
2616.0 100
2510.0 100
2508.0 100
2562.0 100
2622.0 100
2724.0 100
2736.0 100
2810.0 100
3260.0 100
2500.0 100
2670.0 100
2832.0 100
2754.0 100
2722.0 100
2756.0 100
2968.0 100
2722.0 100
2934.0 100
2668.0 100
2726.0 100
2760.0 100
2582.0 100
2470.0 100
2660.0 100
2708.0 100
2808.0 100
2574.0 100
2604.0 100
2600.0 100
2688.0 100
2622.0 100
2600.0 100
2530.0 100
2564.0 100
2448.0 100
2600.0 100
2588.0 100
2696.0 100
2584.0 100
2064.0 100
2590.0 100
2502.0 100
2812.0 100
2930.0 100
2684.0 100
2936.0 100
2532.0 100
2724.0 100
2702.0 100
3026.0 100
2728.0 100
2952.0 100
2898.0 100
2584.0 100
2802.0 100
2904.0 100
2878.0 100
2762.0 100
2918.0 100
2918.0 100
2800.0 100
2858.0 100
2644.0 100
2700.0 100
2720.0 100
2714.0 100
2686.0 100
2540.0 100
2624.0 100
2834.0 100
2740.0 100
2882.0 100
2894.0 100
2776.0 100
2556.0 100
2726.0 100
2864.0 100
2772.0 100
2742.0 100
2962.0 100
3118.0 100
2684.0 100
2712.0 100
2678.0 100
2630.0 100
2516.0 100
2334.0 100
2780.0 100
2842.0 100
5794.0 200
5986.0 200
5782.0 200
5802.0 200
5768.0 200
5810.0 200
5496.0 200
5534.0 200
5540.0 200
5606.0 200
5584.0 200
5420.0 200
5580.0 200
5710.0 200
5596.0 200
5656.0 200
5718.0 200
5738.0 200
5604.0 200
5714.0 200
5734.0 200
5558.0 200
5878.0 200
5916.0 200
5552.0 200
5584.0 200
5572.0 200
5516.0 200
5696.0 200
5804.0 200
5504.0 200
4988.0 200
5682.0 200
5708.0 200
5738.0 200
5834.0 200
5528.0 200
5410.0 200
5556.0 200
5478.0 200
5764.0 200
5376.0 200
5486.0 200
5690.0 200
5786.0 200
5536.0 200
5500.0 200
5602.0 200
5362.0 200
5516.0 200
5516.0 200
5252.0 200
5434.0 200
5806.0 200
5702.0 200
5634.0 200
5478.0 200
5578.0 200
5990.0 200
5498.0 200
5604.0 200
5684.0 200
5626.0 200
5688.0 200
5672.0 200
5580.0 200
5710.0 200
5710.0 200
5648.0 200
5910.0 200
5786.0 200
5710.0 200
5660.0 200
5698.0 200
5516.0 200
5762.0 200
5612.0 200
5560.0 200
5876.0 200
5748.0 200
5692.0 200
5638.0 200
5586.0 200
5918.0 200
5766.0 200
5432.0 200
5508.0 200
5806.0 200
5706.0 200
5738.0 200
5836.0 200
5754.0 200
5702.0 200
5656.0 200
5576.0 200
5758.0 200
5534.0 200
5508.0 200
5668.0 200
5812.0 200
5540.0 200
5344.0 200
5360.0 200
5830.0 200
5500.0 200
5578.0 200
5464.0 200
5614.0 200
5522.0 200
5456.0 200
5412.0 200
5446.0 200
5738.0 200
5692.0 200
5680.0 200
5808.0 200
5980.0 200
5444.0 200
5452.0 200
5494.0 200
5456.0 200
5388.0 200
5516.0 200
5504.0 200
5778.0 200
5574.0 200
5482.0 200
5430.0 200
5400.0 200
5890.0 200
5612.0 200
5452.0 200
5480.0 200
5472.0 200
