5282.0 -52.0 444.0 0.0 0.0 0.0 0.0 0.0 0.0 
0.0 0.0 0.0 5282.0 -52.0 444.0 0.0 0.0 0.0 
0.0 0.0 0.0 0.0 0.0 0.0 5282.0 -52.0 444.0 
4416.0 -81.0 463.0 0.0 0.0 0.0 0.0 0.0 0.0 
0.0 0.0 0.0 4416.0 -81.0 463.0 0.0 0.0 0.0 
0.0 0.0 0.0 0.0 0.0 0.0 4416.0 -81.0 463.0 
3425.0 -42.0 334.0 0.0 0.0 0.0 0.0 0.0 0.0 
0.0 0.0 0.0 3425.0 -42.0 334.0 0.0 0.0 0.0 
0.0 0.0 0.0 0.0 0.0 0.0 3425.0 -42.0 334.0 
4488.0 -28.0 493.0 0.0 0.0 0.0 0.0 0.0 0.0 
0.0 0.0 0.0 4488.0 -28.0 493.0 0.0 0.0 0.0 
0.0 0.0 0.0 0.0 0.0 0.0 4488.0 -28.0 493.0 
6574.0 2.0 366.0 0.0 0.0 0.0 0.0 0.0 0.0 
0.0 0.0 0.0 6574.0 2.0 366.0 0.0 0.0 0.0 
0.0 0.0 0.0 0.0 0.0 0.0 6574.0 2.0 366.0 
3691.0 -114.0 239.0 0.0 0.0 0.0 0.0 0.0 0.0 
0.0 0.0 0.0 3691.0 -114.0 239.0 0.0 0.0 0.0 
0.0 0.0 0.0 0.0 0.0 0.0 3691.0 -114.0 239.0 
7539.0 -17.0 194.0 0.0 0.0 0.0 0.0 0.0 0.0 
0.0 0.0 0.0 7539.0 -17.0 194.0 0.0 0.0 0.0 
0.0 0.0 0.0 0.0 0.0 0.0 7539.0 -17.0 194.0 
7313.0 20.0 261.0 0.0 0.0 0.0 0.0 0.0 0.0 
0.0 0.0 0.0 7313.0 20.0 261.0 0.0 0.0 0.0 
0.0 0.0 0.0 0.0 0.0 0.0 7313.0 20.0 261.0 
6378.0 18.0 437.0 0.0 0.0 0.0 0.0 0.0 0.0 
0.0 0.0 0.0 6378.0 18.0 437.0 0.0 0.0 0.0 
0.0 0.0 0.0 0.0 0.0 0.0 6378.0 18.0 437.0 
6269.0 19.0 388.0 0.0 0.0 0.0 0.0 0.0 0.0 
0.0 0.0 0.0 6269.0 19.0 388.0 0.0 0.0 0.0 
0.0 0.0 0.0 0.0 0.0 0.0 6269.0 19.0 388.0 
-5045.0 -281.0 -1454.0 0.0 0.0 0.0 0.0 0.0 0.0 
0.0 0.0 0.0 -5045.0 -281.0 -1454.0 0.0 0.0 0.0 
0.0 0.0 0.0 0.0 0.0 0.0 -5045.0 -281.0 -1454.0 
4057.0 -81.0 442.0 0.0 0.0 0.0 0.0 0.0 0.0 
0.0 0.0 0.0 4057.0 -81.0 442.0 0.0 0.0 0.0 
0.0 0.0 0.0 0.0 0.0 0.0 4057.0 -81.0 442.0 
-3754.0 -203.0 -1086.0 0.0 0.0 0.0 0.0 0.0 0.0 
0.0 0.0 0.0 -3754.0 -203.0 -1086.0 0.0 0.0 0.0 
0.0 0.0 0.0 0.0 0.0 0.0 -3754.0 -203.0 -1086.0 
-7302.0 -401.0 -2549.0 0.0 0.0 0.0 0.0 0.0 0.0 
0.0 0.0 0.0 -7302.0 -401.0 -2549.0 0.0 0.0 0.0 
0.0 0.0 0.0 0.0 0.0 0.0 -7302.0 -401.0 -2549.0 
-4884.0 -260.0 -1613.0 0.0 0.0 0.0 0.0 0.0 0.0 
0.0 0.0 0.0 -4884.0 -260.0 -1613.0 0.0 0.0 0.0 
0.0 0.0 0.0 0.0 0.0 0.0 -4884.0 -260.0 -1613.0 
-4028.0 -250.0 -1239.0 0.0 0.0 0.0 0.0 0.0 0.0 
0.0 0.0 0.0 -4028.0 -250.0 -1239.0 0.0 0.0 0.0 
0.0 0.0 0.0 0.0 0.0 0.0 -4028.0 -250.0 -1239.0 
-2822.0 -157.0 -804.0 0.0 0.0 0.0 0.0 0.0 0.0 
0.0 0.0 0.0 -2822.0 -157.0 -804.0 0.0 0.0 0.0 
0.0 0.0 0.0 0.0 0.0 0.0 -2822.0 -157.0 -804.0 
-7054.0 -361.0 -2545.0 0.0 0.0 0.0 0.0 0.0 0.0 
0.0 0.0 0.0 -7054.0 -361.0 -2545.0 0.0 0.0 0.0 
0.0 0.0 0.0 0.0 0.0 0.0 -7054.0 -361.0 -2545.0 
-5763.0 -292.0 -2021.0 0.0 0.0 0.0 0.0 0.0 0.0 
0.0 0.0 0.0 -5763.0 -292.0 -2021.0 0.0 0.0 0.0 
0.0 0.0 0.0 0.0 0.0 0.0 -5763.0 -292.0 -2021.0 
-5906.0 -333.0 -2019.0 0.0 0.0 0.0 0.0 0.0 0.0 
0.0 0.0 0.0 -5906.0 -333.0 -2019.0 0.0 0.0 0.0 
0.0 0.0 0.0 0.0 0.0 0.0 -5906.0 -333.0 -2019.0 
