306.0 -14.0 145.0 0.0 0.0 0.0 0.0 0.0 0.0 
0.0 0.0 0.0 306.0 -14.0 145.0 0.0 0.0 0.0 
0.0 0.0 0.0 0.0 0.0 0.0 306.0 -14.0 145.0 
251.0 -15.0 112.0 0.0 0.0 0.0 0.0 0.0 0.0 
0.0 0.0 0.0 251.0 -15.0 112.0 0.0 0.0 0.0 
0.0 0.0 0.0 0.0 0.0 0.0 251.0 -15.0 112.0 
215.0 -26.0 84.0 0.0 0.0 0.0 0.0 0.0 0.0 
0.0 0.0 0.0 215.0 -26.0 84.0 0.0 0.0 0.0 
0.0 0.0 0.0 0.0 0.0 0.0 215.0 -26.0 84.0 
286.0 -17.0 134.0 0.0 0.0 0.0 0.0 0.0 0.0 
0.0 0.0 0.0 286.0 -17.0 134.0 0.0 0.0 0.0 
0.0 0.0 0.0 0.0 0.0 0.0 286.0 -17.0 134.0 
282.0 -35.0 127.0 0.0 0.0 0.0 0.0 0.0 0.0 
0.0 0.0 0.0 282.0 -35.0 127.0 0.0 0.0 0.0 
0.0 0.0 0.0 0.0 0.0 0.0 282.0 -35.0 127.0 
268.0 -8.0 116.0 0.0 0.0 0.0 0.0 0.0 0.0 
0.0 0.0 0.0 268.0 -8.0 116.0 0.0 0.0 0.0 
0.0 0.0 0.0 0.0 0.0 0.0 268.0 -8.0 116.0 
257.0 -13.0 118.0 0.0 0.0 0.0 0.0 0.0 0.0 
0.0 0.0 0.0 257.0 -13.0 118.0 0.0 0.0 0.0 
0.0 0.0 0.0 0.0 0.0 0.0 257.0 -13.0 118.0 
306.0 -12.0 146.0 0.0 0.0 0.0 0.0 0.0 0.0 
0.0 0.0 0.0 306.0 -12.0 146.0 0.0 0.0 0.0 
0.0 0.0 0.0 0.0 0.0 0.0 306.0 -12.0 146.0  
354.0 -48.0 157.0 0.0 0.0 0.0 0.0 0.0 0.0 
0.0 0.0 0.0 354.0 -48.0 157.0 0.0 0.0 0.0 
0.0 0.0 0.0 0.0 0.0 0.0 354.0 -48.0 157.0 
313.0 -18.0 142.0 0.0 0.0 0.0 0.0 0.0 0.0 
0.0 0.0 0.0 313.0 -18.0 142.0 0.0 0.0 0.0 
0.0 0.0 0.0 0.0 0.0 0.0 313.0 -18.0 142.0 
-291.0 -14.0 -189.0 0.0 0.0 0.0 0.0 0.0 0.0 
0.0 0.0 0.0 -291.0 -14.0 -189.0 0.0 0.0 0.0 
0.0 0.0 0.0 0.0 0.0 0.0 -291.0 -14.0 -189.0 
-360.0 -22.0 -262.0 0.0 0.0 0.0 0.0 0.0 0.0 
0.0 0.0 0.0 -360.0 -22.0 -262.0 0.0 0.0 0.0 
0.0 0.0 0.0 0.0 0.0 0.0 -360.0 -22.0 -262.0 
-280.0 -13.0 -191.0 0.0 0.0 0.0 0.0 0.0 0.0 
0.0 0.0 0.0 -280.0 -13.0 -191.0 0.0 0.0 0.0 
0.0 0.0 0.0 0.0 0.0 0.0 -280.0 -13.0 -191.0 
-341.0 -14.0 -243.0 0.0 0.0 0.0 0.0 0.0 0.0 
0.0 0.0 0.0 -341.0 -14.0 -243.0 0.0 0.0 0.0 
0.0 0.0 0.0 0.0 0.0 0.0 -341.0 -14.0 -243.0 
-340.0 -22.0 -242.0 0.0 0.0 0.0 0.0 0.0 0.0 
0.0 0.0 0.0 -340.0 -22.0 -242.0 0.0 0.0 0.0 
0.0 0.0 0.0 0.0 0.0 0.0 -340.0 -22.0 -242.0 
-364.0 -22.0 -257.0 0.0 0.0 0.0 0.0 0.0 0.0 
0.0 0.0 0.0 -364.0 -22.0 -257.0 0.0 0.0 0.0 
0.0 0.0 0.0 0.0 0.0 0.0 -364.0 -22.0 -257.0 
-346.0 -17.0 -242.0 0.0 0.0 0.0 0.0 0.0 0.0 
0.0 0.0 0.0 -346.0 -17.0 -242.0 0.0 0.0 0.0 
0.0 0.0 0.0 0.0 0.0 0.0 -346.0 -17.0 -242.0 
-344.0 -17.0 -248.0 0.0 0.0 0.0 0.0 0.0 0.0 
0.0 0.0 0.0 -344.0 -17.0 -248.0 0.0 0.0 0.0 
0.0 0.0 0.0 0.0 0.0 0.0 -344.0 -17.0 -248.0 
-369.0 -16.0 -256.0 0.0 0.0 0.0 0.0 0.0 0.0 
0.0 0.0 0.0 -369.0 -16.0 -256.0 0.0 0.0 0.0 
0.0 0.0 0.0 0.0 0.0 0.0 -369.0 -16.0 -256.0 
-384.0 -21.0 -279.0 0.0 0.0 0.0 0.0 0.0 0.0 
0.0 0.0 0.0 -384.0 -21.0 -279.0 0.0 0.0 0.0 
0.0 0.0 0.0 0.0 0.0 0.0 -384.0 -21.0 -279.0 
