5835.0 25.0 865.0 0.0 0.0 0.0 0.0 0.0 0.0 
0.0 0.0 0.0 5835.0 25.0 865.0 0.0 0.0 0.0 
0.0 0.0 0.0 0.0 0.0 0.0 5835.0 25.0 865.0 
7525.0 -65.0 782.0 0.0 0.0 0.0 0.0 0.0 0.0 
0.0 0.0 0.0 7525.0 -65.0 782.0 0.0 0.0 0.0 
0.0 0.0 0.0 0.0 0.0 0.0 7525.0 -65.0 782.0 
6613.0 -70.0 812.0 0.0 0.0 0.0 0.0 0.0 0.0 
0.0 0.0 0.0 6613.0 -70.0 812.0 0.0 0.0 0.0 
0.0 0.0 0.0 0.0 0.0 0.0 6613.0 -70.0 812.0 
7411.0 -61.0 733.0 0.0 0.0 0.0 0.0 0.0 0.0 
0.0 0.0 0.0 7411.0 -61.0 733.0 0.0 0.0 0.0 
0.0 0.0 0.0 0.0 0.0 0.0 7411.0 -61.0 733.0 
6069.0 70.0 565.0 0.0 0.0 0.0 0.0 0.0 0.0 
0.0 0.0 0.0 6069.0 70.0 565.0 0.0 0.0 0.0 
0.0 0.0 0.0 0.0 0.0 0.0 6069.0 70.0 565.0 
6568.0 -33.0 753.0 0.0 0.0 0.0 0.0 0.0 0.0 
0.0 0.0 0.0 6568.0 -33.0 753.0 0.0 0.0 0.0 
0.0 0.0 0.0 0.0 0.0 0.0 6568.0 -33.0 753.0 
6978.0 13.0 813.0 0.0 0.0 0.0 0.0 0.0 0.0 
0.0 0.0 0.0 6978.0 13.0 813.0 0.0 0.0 0.0 
0.0 0.0 0.0 0.0 0.0 0.0 6978.0 13.0 813.0 
6264.0 -10.0 831.0 0.0 0.0 0.0 0.0 0.0 0.0 
0.0 0.0 0.0 6264.0 -10.0 831.0 0.0 0.0 0.0 
0.0 0.0 0.0 0.0 0.0 0.0 6264.0 -10.0 831.0 
6148.0 20.0 890.0 0.0 0.0 0.0 0.0 0.0 0.0 
0.0 0.0 0.0 6148.0 20.0 890.0 0.0 0.0 0.0 
0.0 0.0 0.0 0.0 0.0 0.0 6148.0 20.0 890.0 
6272.0 -18.0 815.0 0.0 0.0 0.0 0.0 0.0 0.0 
0.0 0.0 0.0 6272.0 -18.0 815.0 0.0 0.0 0.0 
0.0 0.0 0.0 0.0 0.0 0.0 6272.0 -18.0 815.0 
-5994.0 -400.0 -2467.0 0.0 0.0 0.0 0.0 0.0 0.0 
0.0 0.0 0.0 -5994.0 -400.0 -2467.0 0.0 0.0 0.0 
0.0 0.0 0.0 0.0 0.0 0.0 -5994.0 -400.0 -2467.0 
-6864.0 -405.0 -3053.0 0.0 0.0 0.0 0.0 0.0 0.0 
0.0 0.0 0.0 -6864.0 -405.0 -3053.0 0.0 0.0 0.0 
0.0 0.0 0.0 0.0 0.0 0.0 -6864.0 -405.0 -3053.0 
-6891.0 -426.0 -3143.0 0.0 0.0 0.0 0.0 0.0 0.0 
0.0 0.0 0.0 -6891.0 -426.0 -3143.0 0.0 0.0 0.0 
0.0 0.0 0.0 0.0 0.0 0.0 -6891.0 -426.0 -3143.0 
-6982.0 -433.0 -3063.0 0.0 0.0 0.0 0.0 0.0 0.0 
0.0 0.0 0.0 -6982.0 -433.0 -3063.0 0.0 0.0 0.0 
0.0 0.0 0.0 0.0 0.0 0.0 -6982.0 -433.0 -3063.0 
-7379.0 -483.0 -3507.0 0.0 0.0 0.0 0.0 0.0 0.0 
0.0 0.0 0.0 -7379.0 -483.0 -3507.0 0.0 0.0 0.0 
0.0 0.0 0.0 0.0 0.0 0.0 -7379.0 -483.0 -3507.0 
-6782.0 -366.0 -3228.0 0.0 0.0 0.0 0.0 0.0 0.0 
0.0 0.0 0.0 -6782.0 -366.0 -3228.0 0.0 0.0 0.0 
0.0 0.0 0.0 0.0 0.0 0.0 -6782.0 -366.0 -3228.0 
-7197.0 -444.0 -3485.0 0.0 0.0 0.0 0.0 0.0 0.0 
0.0 0.0 0.0 -7197.0 -444.0 -3485.0 0.0 0.0 0.0 
0.0 0.0 0.0 0.0 0.0 0.0 -7197.0 -444.0 -3485.0 
-7999.0 -552.0 -3992.0 0.0 0.0 0.0 0.0 0.0 0.0 
0.0 0.0 0.0 -7999.0 -552.0 -3992.0 0.0 0.0 0.0 
0.0 0.0 0.0 0.0 0.0 0.0 -7999.0 -552.0 -3992.0 
-7037.0 -445.0 -3223.0 0.0 0.0 0.0 0.0 0.0 0.0 
0.0 0.0 0.0 -7037.0 -445.0 -3223.0 0.0 0.0 0.0 
0.0 0.0 0.0 0.0 0.0 0.0 -7037.0 -445.0 -3223.0 
-7597.0 -490.0 -3443.0 0.0 0.0 0.0 0.0 0.0 0.0 
0.0 0.0 0.0 -7597.0 -490.0 -3443.0 0.0 0.0 0.0 
0.0 0.0 0.0 0.0 0.0 0.0 -7597.0 -490.0 -3443.0 
