-488.0 21.0 7358.0 
-864.0 4.0 8307.0 
-885.0 -190.0 13937.0 
-899.0 -116.0 13989.0 
-994.0 -147.0 14054.0 
-839.0 -2.0 8668.0 
707.0 -229.0 11999.0 
-216.0 14.0 8124.0 
106.0 -33.0 7064.0 
911.0 -195.0 12458.0 
-120.0 -782.0 12583.0 
-79.0 552.0 7455.0 
-154.0 -492.0 12513.0 
-100.0 -382.0 12354.0 
54.0 -395.0 9642.0 
32.0 -543.0 9063.0 
22.0 -704.0 11877.0 
695.0 604.0 13570.0 
752.0 -34.0 13371.0 
-890.0 73.0 14185.0 
834.0 -16.0 14257.0 
-339.0 180.0 14262.0 
-150.0 -951.0 11246.0 
464.0 -123.0 11851.0 
-73.0 -261.0 9067.0 
22.0 253.0 12712.0 
341.0 7.0 8861.0  
-364.0 -716.0 9089.0 
-58.0 -704.0 13907.0 
315.0 -391.0 12636.0 
