-32.0 5537.0 2008.0 0.0 0.0 0.0 0.0 0.0 0.0 
0.0 0.0 0.0 -32.0 5537.0 2008.0 0.0 0.0 0.0 
0.0 0.0 0.0 0.0 0.0 0.0 -32.0 5537.0 2008.0 
-50.0 5746.0 1968.0 0.0 0.0 0.0 0.0 0.0 0.0 
0.0 0.0 0.0 -50.0 5746.0 1968.0 0.0 0.0 0.0 
0.0 0.0 0.0 0.0 0.0 0.0 -50.0 5746.0 1968.0 
-57.0 6349.0 1981.0 0.0 0.0 0.0 0.0 0.0 0.0 
0.0 0.0 0.0 -57.0 6349.0 1981.0 0.0 0.0 0.0 
0.0 0.0 0.0 0.0 0.0 0.0 -57.0 6349.0 1981.0 
-19.0 6175.0 1983.0 0.0 0.0 0.0 0.0 0.0 0.0 
0.0 0.0 0.0 -19.0 6175.0 1983.0 0.0 0.0 0.0 
0.0 0.0 0.0 0.0 0.0 0.0 -19.0 6175.0 1983.0 
-103.0 5983.0 1975.0 0.0 0.0 0.0 0.0 0.0 0.0 
0.0 0.0 0.0 -103.0 5983.0 1975.0 0.0 0.0 0.0 
0.0 0.0 0.0 0.0 0.0 0.0 -103.0 5983.0 1975.0 
-66.0 4897.0 1597.0 0.0 0.0 0.0 0.0 0.0 0.0 
0.0 0.0 0.0 -66.0 4897.0 1597.0 0.0 0.0 0.0 
0.0 0.0 0.0 0.0 0.0 0.0 -66.0 4897.0 1597.0 
-112.0 6095.0 1572.0 0.0 0.0 0.0 0.0 0.0 0.0 
0.0 0.0 0.0 -112.0 6095.0 1572.0 0.0 0.0 0.0 
0.0 0.0 0.0 0.0 0.0 0.0 -112.0 6095.0 1572.0 
-105.0 6648.0 1326.0 0.0 0.0 0.0 0.0 0.0 0.0 
0.0 0.0 0.0 -105.0 6648.0 1326.0 0.0 0.0 0.0 
0.0 0.0 0.0 0.0 0.0 0.0 -105.0 6648.0 1326.0 
-139.0 4996.0 1565.0 0.0 0.0 0.0 0.0 0.0 0.0 
0.0 0.0 0.0 -139.0 4996.0 1565.0 0.0 0.0 0.0 
0.0 0.0 0.0 0.0 0.0 0.0 -139.0 4996.0 1565.0 
-70.0 -5857.0 -3093.0 0.0 0.0 0.0 0.0 0.0 0.0 
0.0 0.0 0.0 -70.0 -5857.0 -3093.0 0.0 0.0 0.0 
0.0 0.0 0.0 0.0 0.0 0.0 -70.0 -5857.0 -3093.0 
-76.0 5491.0 1893.0 0.0 0.0 0.0 0.0 0.0 0.0 
0.0 0.0 0.0 -76.0 5491.0 1893.0 0.0 0.0 0.0 
0.0 0.0 0.0 0.0 0.0 0.0 -76.0 5491.0 1893.0 
-11.0 -6432.0 -3476.0 0.0 0.0 0.0 0.0 0.0 0.0 
0.0 0.0 0.0 -11.0 -6432.0 -3476.0 0.0 0.0 0.0 
0.0 0.0 0.0 0.0 0.0 0.0 -11.0 -6432.0 -3476.0 
-3.0 -6354.0 -3622.0 0.0 0.0 0.0 0.0 0.0 0.0 
0.0 0.0 0.0 -3.0 -6354.0 -3622.0 0.0 0.0 0.0 
0.0 0.0 0.0 0.0 0.0 0.0 -3.0 -6354.0 -3622.0 
-16.0 -5913.0 -3383.0 0.0 0.0 0.0 0.0 0.0 0.0 
0.0 0.0 0.0 -16.0 -5913.0 -3383.0 0.0 0.0 0.0 
0.0 0.0 0.0 0.0 0.0 0.0 -16.0 -5913.0 -3383.0 
-22.0 -6297.0 -3611.0 0.0 0.0 0.0 0.0 0.0 0.0 
0.0 0.0 0.0 -22.0 -6297.0 -3611.0 0.0 0.0 0.0 
0.0 0.0 0.0 0.0 0.0 0.0 -22.0 -6297.0 -3611.0 
-21.0 -6307.0 -3661.0 0.0 0.0 0.0 0.0 0.0 0.0 
0.0 0.0 0.0 -21.0 -6307.0 -3661.0 0.0 0.0 0.0 
0.0 0.0 0.0 0.0 0.0 0.0 -21.0 -6307.0 -3661.0 
-13.0 -6143.0 -3583.0 0.0 0.0 0.0 0.0 0.0 0.0 
0.0 0.0 0.0 -13.0 -6143.0 -3583.0 0.0 0.0 0.0 
0.0 0.0 0.0 0.0 0.0 0.0 -13.0 -6143.0 -3583.0 
1.0 -6199.0 -3651.0 0.0 0.0 0.0 0.0 0.0 0.0 
0.0 0.0 0.0 1.0 -6199.0 -3651.0 0.0 0.0 0.0 
0.0 0.0 0.0 0.0 0.0 0.0 1.0 -6199.0 -3651.0 
-5.0 -4278.0 -2309.0 0.0 0.0 0.0 0.0 0.0 0.0 
0.0 0.0 0.0 -5.0 -4278.0 -2309.0 0.0 0.0 0.0 
0.0 0.0 0.0 0.0 0.0 0.0 -5.0 -4278.0 -2309.0 
1.0 -2646.0 -1414.0 0.0 0.0 0.0 0.0 0.0 0.0 
0.0 0.0 0.0 1.0 -2646.0 -1414.0 0.0 0.0 0.0 
0.0 0.0 0.0 0.0 0.0 0.0 1.0 -2646.0 -1414.0 
