-131.0 74.0 2348.0 0.0 0.0 0.0 0.0 0.0 0.0 
0.0 0.0 0.0 -131.0 74.0 2348.0 0.0 0.0 0.0 
0.0 0.0 0.0 0.0 0.0 0.0 -131.0 74.0 2348.0 
-114.0 136.0 2119.0 0.0 0.0 0.0 0.0 0.0 0.0 
0.0 0.0 0.0 -114.0 136.0 2119.0 0.0 0.0 0.0 
0.0 0.0 0.0 0.0 0.0 0.0 -114.0 136.0 2119.0 
-71.0 78.0 2515.0 0.0 0.0 0.0 0.0 0.0 0.0 
0.0 0.0 0.0 -71.0 78.0 2515.0 0.0 0.0 0.0 
0.0 0.0 0.0 0.0 0.0 0.0 -71.0 78.0 2515.0 
-140.0 72.0 2219.0 0.0 0.0 0.0 0.0 0.0 0.0 
0.0 0.0 0.0 -140.0 72.0 2219.0 0.0 0.0 0.0 
0.0 0.0 0.0 0.0 0.0 0.0 -140.0 72.0 2219.0 
-90.0 108.0 2205.0 0.0 0.0 0.0 0.0 0.0 0.0 
0.0 0.0 0.0 -90.0 108.0 2205.0 0.0 0.0 0.0 
0.0 0.0 0.0 0.0 0.0 0.0 -90.0 108.0 2205.0 
-112.0 92.0 2145.0 0.0 0.0 0.0 0.0 0.0 0.0 
0.0 0.0 0.0 -112.0 92.0 2145.0 0.0 0.0 0.0 
0.0 0.0 0.0 0.0 0.0 0.0 -112.0 92.0 2145.0 
-102.0 93.0 2189.0 0.0 0.0 0.0 0.0 0.0 0.0 
0.0 0.0 0.0 -102.0 93.0 2189.0 0.0 0.0 0.0 
0.0 0.0 0.0 0.0 0.0 0.0 -102.0 93.0 2189.0 
-117.0 149.0 1756.0 0.0 0.0 0.0 0.0 0.0 0.0 
0.0 0.0 0.0 -117.0 149.0 1756.0 0.0 0.0 0.0 
0.0 0.0 0.0 0.0 0.0 0.0 -117.0 149.0 1756.0 
-46.0 23.0 2262.0 0.0 0.0 0.0 0.0 0.0 0.0 
0.0 0.0 0.0 -46.0 23.0 2262.0 0.0 0.0 0.0 
0.0 0.0 0.0 0.0 0.0 0.0 -46.0 23.0 2262.0 
-79.0 58.0 1906.0 0.0 0.0 0.0 0.0 0.0 0.0 
0.0 0.0 0.0 -79.0 58.0 1906.0 0.0 0.0 0.0 
0.0 0.0 0.0 0.0 0.0 0.0 -79.0 58.0 1906.0 
晚上:
-119.0 87.0 1825.0 0.0 0.0 0.0 0.0 0.0 0.0 
0.0 0.0 0.0 -119.0 87.0 1825.0 0.0 0.0 0.0 
0.0 0.0 0.0 0.0 0.0 0.0 -119.0 87.0 1825.0 
-69.0 59.0 2092.0 0.0 0.0 0.0 0.0 0.0 0.0 
0.0 0.0 0.0 -69.0 59.0 2092.0 0.0 0.0 0.0 
0.0 0.0 0.0 0.0 0.0 0.0 -69.0 59.0 2092.0 
-84.0 103.0 1904.0 0.0 0.0 0.0 0.0 0.0 0.0 
0.0 0.0 0.0 -84.0 103.0 1904.0 0.0 0.0 0.0 
0.0 0.0 0.0 0.0 0.0 0.0 -84.0 103.0 1904.0 
-66.0 112.0 1902.0 0.0 0.0 0.0 0.0 0.0 0.0 
0.0 0.0 0.0 -66.0 112.0 1902.0 0.0 0.0 0.0 
0.0 0.0 0.0 0.0 0.0 0.0 -66.0 112.0 1902.0 
-68.0 25.0 2074.0 0.0 0.0 0.0 0.0 0.0 0.0 
0.0 0.0 0.0 -68.0 25.0 2074.0 0.0 0.0 0.0 
0.0 0.0 0.0 0.0 0.0 0.0 -68.0 25.0 2074.0 
-55.0 45.0 2091.0 0.0 0.0 0.0 0.0 0.0 0.0 
0.0 0.0 0.0 -55.0 45.0 2091.0 0.0 0.0 0.0 
0.0 0.0 0.0 0.0 0.0 0.0 -55.0 45.0 2091.0 
-73.0 84.0 1926.0 0.0 0.0 0.0 0.0 0.0 0.0 
0.0 0.0 0.0 -73.0 84.0 1926.0 0.0 0.0 0.0 
0.0 0.0 0.0 0.0 0.0 0.0 -73.0 84.0 1926.0 
-58.0 110.0 1915.0 0.0 0.0 0.0 0.0 0.0 0.0 
0.0 0.0 0.0 -58.0 110.0 1915.0 0.0 0.0 0.0 
0.0 0.0 0.0 0.0 0.0 0.0 -58.0 110.0 1915.0 
-82.0 94.0 1857.0 0.0 0.0 0.0 0.0 0.0 0.0 
0.0 0.0 0.0 -82.0 94.0 1857.0 0.0 0.0 0.0 
0.0 0.0 0.0 0.0 0.0 0.0 -82.0 94.0 1857.0 
-66.0 70.0 1997.0 0.0 0.0 0.0 0.0 0.0 0.0 
0.0 0.0 0.0 -66.0 70.0 1997.0 0.0 0.0 0.0 
0.0 0.0 0.0 0.0 0.0 0.0 -66.0 70.0 1997.0 
-100.0 37.0 1909.0 0.0 0.0 0.0 0.0 0.0 0.0 
0.0 0.0 0.0 -100.0 37.0 1909.0 0.0 0.0 0.0 
0.0 0.0 0.0 0.0 0.0 0.0 -100.0 37.0 1909.0 
2KUAI:
-302.0 275.0 4717.0 0.0 0.0 0.0 0.0 0.0 0.0 
0.0 0.0 0.0 -302.0 275.0 4717.0 0.0 0.0 0.0 
0.0 0.0 0.0 0.0 0.0 0.0 -302.0 275.0 4717.0 
-239.0 295.0 4773.0 0.0 0.0 0.0 0.0 0.0 0.0 
0.0 0.0 0.0 -239.0 295.0 4773.0 0.0 0.0 0.0 
0.0 0.0 0.0 0.0 0.0 0.0 -239.0 295.0 4773.0 
-179.0 412.0 4037.0 0.0 0.0 0.0 0.0 0.0 0.0 
0.0 0.0 0.0 -179.0 412.0 4037.0 0.0 0.0 0.0 
0.0 0.0 0.0 0.0 0.0 0.0 -179.0 412.0 4037.0 
-336.0 231.0 4291.0 0.0 0.0 0.0 0.0 0.0 0.0 
0.0 0.0 0.0 -336.0 231.0 4291.0 0.0 0.0 0.0 
0.0 0.0 0.0 0.0 0.0 0.0 -336.0 231.0 4291.0 
-198.0 279.0 4955.0 0.0 0.0 0.0 0.0 0.0 0.0 
0.0 0.0 0.0 -198.0 279.0 4955.0 0.0 0.0 0.0 
0.0 0.0 0.0 0.0 0.0 0.0 -198.0 279.0 4955.0 
-301.0 90.0 4511.0 0.0 0.0 0.0 0.0 0.0 0.0 
0.0 0.0 0.0 -301.0 90.0 4511.0 0.0 0.0 0.0 
0.0 0.0 0.0 0.0 0.0 0.0 -301.0 90.0 4511.0 
-219.0 163.0 4797.0 0.0 0.0 0.0 0.0 0.0 0.0 
0.0 0.0 0.0 -219.0 163.0 4797.0 0.0 0.0 0.0 
0.0 0.0 0.0 0.0 0.0 0.0 -219.0 163.0 4797.0 
-222.0 223.0 4800.0 0.0 0.0 0.0 0.0 0.0 0.0 
0.0 0.0 0.0 -222.0 223.0 4800.0 0.0 0.0 0.0 
0.0 0.0 0.0 0.0 0.0 0.0 -222.0 223.0 4800.0 
-216.0 204.0 5144.0 0.0 0.0 0.0 0.0 0.0 0.0 
0.0 0.0 0.0 -216.0 204.0 5144.0 0.0 0.0 0.0 
0.0 0.0 0.0 0.0 0.0 0.0 -216.0 204.0 5144.0 
-208.0 190.0 4877.0 0.0 0.0 0.0 0.0 0.0 0.0 
0.0 0.0 0.0 -208.0 190.0 4877.0 0.0 0.0 0.0 
0.0 0.0 0.0 0.0 0.0 0.0 -208.0 190.0 4877.0 
